7.920735363762679,2
4.772763029865764,2
6.246819468269327,2
3.8620418672023855,2
3.634542451049109,2
2.2653925772316894,5
1.0924217612102758,4
7.830953142341694,2
6.117786324603853,2
8.344753636343917,2
4.149169522372079,2
5.215620807402607,2
3.5566902710148085,2
2.251912600317409,3
7.019805547953898,2
5.63780603831608,2
4.3207268954387565,2
3.0275174753049927,2
3.660286834534297,2
0.9752543061520133,1
3.5896195487944094,2
1.6099031007865148,4
14.436204486570078,2
11.195968473175387,2
11.24650558196604,2
9.072661750677185,2
9.912079744801169,2
8.595476907612834,2
7.940754972490351,2
6.878968830871218,2
4.33191748004944,2
4.147042783091496,2
2.9877602167394977,5
14.362296607786007,2
14.893625496157734,2
14.727736402089416,2
13.127714937596107,2
11.226836315620268,2
10.330247447722877,2
9.362703432976703,2
7.086904206692878,2
8.265675809522072,2
5.4806885491953565,2
3.5217697610433376,2
3.555239079047996,2
1.6712787505460518,4
17.887384748632442,2
19.423865955674266,2
16.531445893644786,2
17.17626831895216,2
13.653708480956734,2
15.776257024246034,2
14.079407988451356,2
12.042761816111225,2
10.840360007553727,2
9.302297019503033,2
8.282263223877456,2
7.783382878427121,2
6.91272756153714,2
6.978725536424919,2
4.608396089428748,2
2.886886070745651,3
8.058728027138777,2
8.421040132295989,2
6.747936572731841,2
4.343676006012704,2
2.8907384434411587,5
4.482196669041499,2
2.5142841662087148,3
3.54454073751842,2
2.9617343610657296,5
2.5558609932364638,3
2.206573309520282,5
2.479432532142825,3
2.4378699765774665,5
3.045133341083781,2
2.354635039180472,3
12.809524213966894,2
12.315062789500338,2
10.90910865150764,2
9.739260810437619,2
7.080923571630508,2
8.32499956487959,2
7.942846697036326,2
7.824128094392747,2
6.313472962133544,2
5.566594867612062,2
2.259063408493773,5
2.4053111961305333,3
2.408582319821784,5
1.1682511215841398,4
4.731325953947159,2
1.6230567998662284,4
0.6558651803005024,1
5.322793658979232,2
2.037030235272669,3
15.729668180763456,2
14.200981350519966,2
13.59276468165057,2
13.008501336312571,2
11.365382854742675,2
10.323663726491148,2
9.819913034023068,2
6.939131819311184,2
7.872853062018661,2
5.145761063115018,2
3.987152409632944,2
4.249428404700698,2
4.089189580521809,2
1.1903865773993467,4
18.110321039989678,2
19.226490767249746,2
17.331876603828537,2
17.25871628706474,2
15.103313840297947,2
16.091123711529967,2
12.455879813564547,2
13.09997729442592,2
12.627223911391553,2
11.206995391359268,2
9.270299553774244,2
8.233169965374326,2
7.833056390003903,2
6.195698233831277,2
5.521470728067539,2
5.678661764484539,2
4.009642820604295,2
3.311440107902817,2
1.4541631184505008,4
21.81340150027317,2
20.05698517020968,2
19.1825190093864,2
15.827111853938446,2
16.014843350235612,2
13.76433960305354,2
14.054587978604227,2
11.77172812526753,2
11.310960079363326,2
11.160428076742543,2
8.51637145935782,2
9.194762610144704,2
7.776236834787994,2
6.816035762777197,2
5.465697033856635,2
5.33398225831491,2
3.6809813209242797,2
2.524766998084397,5
3.6876389222572135,2
0.9423632835369952,1
3.906926775406163,2
1.3821564237007968,4
3.1378430119580463,2
0.9593771378142912,1
2.36299460815132,3
9.45695717125893,2
9.565541205781654,2
4.776214526180944,2
5.638716798000541,2
4.7143800736636114,2
4.198373270888468,2
3.9821403929076786,2
2.1089830681032957,5
2.221846595583549,3
2.0787921894903367,5
0.9785287213565392,1
5.666912588760678,2
4.2624518465137085,2
1.7587721571424282,4
2.544107594932828,3
9.830114856365704,2
8.845515857545422,2
9.70083660149941,2
5.692259815154388,2
5.589760644635227,2
4.334021571234364,2
4.689175636795592,2
2.2582543618551005,5
1.0287633182210911,4
1.3544762441889553,4
1.0773454419577102,4
0.0,1
1.28252423330435,4
2.4040678237324102,3
4.3189784257896635,2
2.464287849370616,5
3.801805203120883,2
2.0847438073336715,3
0.8132164932408914,1
2.988051772557229,5
1.808666229521121,4
4.169304310800493,2
1.7856020160794843,4
3.826746797444125,2
0.5127254675736796,1
1.7141303371547618,4
1.357040503148892,4
2.3299674576397966,3
1.6637706261105718,4
8.900314584136668,2
9.723100862567222,2
6.367259939007437,2
5.317599805671997,2
3.5834193199343565,2
1.3243238448823162,4
10.296242723936668,2
7.749222322583468,2
6.901152083661553,2
6.843296158580804,2
3.7032407600663086,2
2.5714934887706864,5
0.0,1
2.95477240246585,3
4.91857090731456,2
1.6674369343240043,4
21.684839183167878,2
20.18559684866873,2
17.496265902329053,2
16.514012915706925,2
15.411010936184585,2
13.492908062632669,2
13.67948823799207,2
11.770389479300494,2
12.687880457046385,2
11.168427580701213,2
9.185341154422039,2
9.036925659525256,2
8.68308232917645,2
8.488450810237424,2
6.957995379824352,2
5.046761798189402,2
5.2903975828005185,2
2.9463381999287526,5
1.8798793887684653,4
3.5331275479964157,2
3.6404707899413506,2
1.654925046607287,4
3.727188752970661,2
1.2512985955769025,4
2.415103808959758,3
7.116852879535119,2
5.5565147205125935,2
4.554032610650912,2
2.079525618025792,5
1.5988680188885749,4
3.1224356907179174,2
1.5620672245972935,4
2.666550658042549,3
15.652696892317335,2
15.592136346745615,2
14.576739585327248,2
14.165144665537035,2
12.944412455865855,2
9.988183677450062,2
8.792165751806852,2
9.317426808132538,2
7.609823856570733,2
7.276067070377487,2
5.138580936143431,2
4.944413270926642,2
3.7751925817444962,2
3.1981449903556562,2
3.7900615956748456,2
3.0267809179680962,2
1.959593169398464,4
22.210845187922487,2
18.278820743705896,2
19.848744195791312,2
18.15106021753216,2
17.694800503591516,2
14.604796368274393,2
13.929964547747906,2
11.757037713302614,2
11.958591170576744,2
13.150780068931867,2
11.458559367416337,2
10.383048537612396,2
8.25714931095366,2
7.790485516950611,2
6.882022380947402,2
6.747212451023578,2
5.194719714487394,2
3.1253859351994717,2
1.8958703505181704,4
16.690132576597485,2
18.09256911325655,2
15.890799838705233,2
16.63766023252096,2
12.775348633365939,2
12.659944303028574,2
14.694044713384054,2
11.653816986269302,2
9.575348307661956,2
8.830268230766382,2
7.083016069079712,2
7.082565281013631,2
7.261530086088076,2
6.138628650796042,2
6.1971154160800745,2
3.517344064182132,2
4.417639674634501,2
3.5817301081000705,2
0.6119372253877273,1
1.3465580366657917,4
21.197813098198594,2
17.935408684185017,2
18.345480632005312,2
15.955625484485926,2
15.43730670002724,2
15.963169656932894,2
13.986397276770544,2
14.290029742823418,2
13.29278245243684,2
10.062317663016437,2
7.975364690509792,2
10.197311573133119,2
8.53315517090147,2
5.725364258226321,2
7.6505942677443715,2
5.113490613456086,2
5.298381033067535,2
3.0941015460892385,2
0.8890018094632295,1
3.0038259944980323,2
2.1786378551497902,5
1.4205532330335051,4
3.4636163970586478,2
2.6460413380375805,3
8.44735344448838,2
9.362634101312393,2
4.268272503666633,2
5.552792860118546,2
4.5893334137660196,2
4.0423160197932,2
0.74325173982812,1
3.717543598025424,2
1.0636986600962317,4
19.558839868768622,2
17.334630387012044,2
16.84296557223733,2
14.451540806407314,2
15.62830959388534,2
13.137647885301766,2
14.750532211580275,2
10.992426038414207,2
10.615646942249596,2
11.729068647048154,2
9.335326726480666,2
8.82444619063823,2
6.4171825492877534,2
6.100367249034905,2
3.8388349760630267,2
4.428205799507119,2
3.450169053412265,2
1.5144498824571215,4
18.05998895036811,2
17.527267214127594,2
17.688284588830797,2
17.461971126465407,2
14.605090264120172,2
12.774820403434884,2
12.140741586817851,2
11.618560945840983,2
11.33653443994,2
9.776112981717679,2
9.077830402536495,2
7.766487995777767,2
7.238768811885478,2
6.882350578708503,2
4.153168216390766,2
6.200699227813778,2
3.968862119987097,2
1.0736334872684412,4
19.756407655707946,2
19.135098741776613,2
16.002479577024175,2
17.40760325915663,2
15.685163187846227,2
13.588014618749115,2
13.583053620774727,2
12.391291394560389,2
11.064193727520065,2
9.276358323227141,2
9.029745423942641,2
8.52694192132642,2
5.434711279288981,2
4.196549506241636,2
4.383618835501006,2
4.618115775916436,2
2.169997482825692,5
20.065385957365784,2
18.595946295778027,2
18.991520657126532,2
17.0636217142614,2
15.35678289178184,2
14.944509569712537,2
14.705280629264625,2
11.802652479800123,2
11.475830891702143,2
12.530696528040187,2
9.418338846356736,2
6.8819871812407065,2
7.206783521956548,2
5.948777413987683,2
6.559914089372896,2
4.357634378049287,2
4.963326485901331,2
2.4398211539166157,3
7.037824856169864,2
6.141846628244273,2
6.807038792374464,2
1.399443993158786,4
7.99296331603796,2
10.167116144923133,2
6.3672298397046445,2
6.630261963265222,2
7.070482808163316,2
4.578882311587737,2
3.1479920627750744,2
3.4210076059651833,2
1.4864246841026922,4
10.678156802288237,2
10.647131287893641,2
11.293306529442804,2
6.3536775645491375,2
8.236698487105302,2
8.500718838271531,2
5.617204086650672,2
4.933945623022259,2
4.29791572913529,2
3.536975780196839,2
3.4591052961522104,2
1.1078559016284042,4
13.515223056784615,2
11.82440013625947,2
8.990434624585838,2
9.647755217964695,2
8.559028480333916,2
9.013137123204645,2
6.861647283337085,2
5.252136235321392,2
5.15342327531985,2
3.8403309873300353,2
1.5564620671273366,4
11.194559134412401,2
10.185448069001623,2
8.47339676700349,2
7.169811225011227,2
8.961232040575721,2
5.1340936059473,2
5.152006087422201,2
4.849560607627074,2
4.775803290015865,2
1.7706321894198254,4
11.373103093067405,2
10.753509040463834,2
8.558634871285111,2
6.246784015725847,2
8.951804137475584,2
8.336104991837825,2
6.188544121637553,2
6.784862616535174,2
4.097132305293804,2
2.1655964559582195,5
1.6085393329374578,4
3.543339887597761,2
1.875587023668446,4
4.220735181760771,2
4.220939019410212,2
0.8273340543189778,1
1.2396040139628473,4
4.220289014500164,2
2.2726681045876984,3
9.195843369715224,2
5.8448738955317285,2
8.044823844825423,2
7.476605398426384,2
5.760942123403447,2
5.004473586460628,2
4.069132083633403,2
2.0075357433601235,5
0.8585932577568995,1
3.226496250426973,2
1.8871017471465232,4
6.646322253066838,2
6.407671231375676,2
5.7420867666107975,2
3.3181639476374483,2
3.2807724691478857,2
1.7415139991259034,4
6.519952089397175,2
6.9948684187775605,2
4.857551289674613,2
3.3284652739282103,2
2.603517860981022,3
4.072063381677173,2
2.5950899518113957,5
2.106457771978393,3
2.172424670283415,5
3.4847635050396235,2
3.25685555880567,2
0.7530813114358581,1
2.6222724696392263,3
2.7587797219745824,5
2.8533495069333625,3
0.8547693800874057,1
1.4155371014958469,4
10.160433319870886,2
8.846002923790387,2
7.766885348066385,2
6.409796405373872,2
4.848878580023478,2
5.186714908659155,2
2.8155663468383665,5
7.0916277683895075,2
6.34527312729828,2
3.930451773033095,2
4.388014584015531,2
1.885575977986521,4
7.187007445284276,2
4.536093069163725,2
2.8856414393365983,3
3.7168383813053527,2
2.087212564372725,5
3.556984375679832,2
4.748409061436301,2
0.5722624283568112,1
3.5979984597702432,2
2.042554780829047,3
8.600033667923162,2
7.5386491282365595,2
7.6154931967465425,2
6.797003596737407,2
5.17400616764791,2
3.126417998861002,2
2.9919436943907045,5
1.7812062437280027,4
6.849832873736714,2
5.181054586163377,2
5.3540388147598375,2
3.885089621200685,2
3.2809587089787264,2
1.5526571709943051,4
7.702033230522398,2
7.1308185196602585,2
5.511341025242043,2
4.473847731443104,2
2.9358985874461103,3
2.5324658204398607,5
2.5416461185503856,3
2.3341094321034577,5
2.8951230663773515,3
4.9832462278565,2
0.5464358500572677,1
2.8376686141091265,5
4.514786630684716,2
2.320816068042449,3
2.976135729635156,5
1.5110451133480236,4
7.304040225716253,2
6.68173095715222,2
5.0763778768580705,2
2.566370803996484,3
1.6921345842886617,4
3.4013547334298155,2
3.25775978474804,2
2.1909457104411882,5
3.985653572306456,2
2.8123026460119296,3
1.976830882706484,4
4.360546215471094,2
4.552318277799307,2
1.9946911263554647,4
3.3820264859642832,2
2.9939541509581677,5
3.648740857413295,2
1.5851449398517379,4
10.60536901298689,2
9.163912939279088,2
8.526718150285635,2
7.390168621668731,2
6.466656471152883,2
5.201793606870738,2
4.199082184111864,2
1.7693503024062602,4
9.117478562615796,2
8.477726603542168,2
7.542249333390683,2
4.117706457249874,2
5.687271908841972,2
4.02121753532623,2
1.906042070560892,4
10.743528917992856,2
8.8207520524325,2
8.958729669430815,2
6.453569181508312,2
4.5884399500569675,2
4.602665423928258,2
3.7724028203554636,2
3.0609153585439124,2
2.0422587362368825,3
1.7643400958702642,4
14.50964928547018,2
12.921047481634341,2
12.6630572143127,2
11.226929790937584,2
10.243788965873657,2
7.570332597423885,2
8.472608052492253,2
7.967870742637251,2
7.309540141897117,2
6.2880291904456165,2
3.6815590125631488,2
2.3218113473995308,5
10.79863536122743,2
11.929036060940776,2
10.911654726475769,2
10.086440023668745,2
9.67596723143286,2
6.301292804930247,2
6.248663717813279,2
5.565753185653074,2
3.4358594747805413,2
2.2406456801495533,3
2.3633430280522982,5
3.3449197877606833,2
2.428949422964487,3
2.4017354087525096,5
0.6155839483658856,1
2.854446065888101,3
2.554487318109396,5
3.1857495407406433,2
2.8820126477148484,3
3.4151147448616213,2
1.3278225294209616,4
11.54159530304344,2
8.718215513166799,2
8.566288547749032,2
8.253719484442483,2
6.854708129536767,2
6.0769790033142215,2
3.8808727469094135,2
2.147141208659075,5
5.099926043730759,2
1.8673422116386411,4
7.105567348742385,2
6.424693322239777,2
6.139082438936379,2
3.1844613907136563,2
2.124552424724767,3
4.955735611290099,2
6.712998094111812,2
5.26625766287694,2
4.784757621259201,2
2.4176623029107223,5
9.161074544668072,2
9.80932507536809,2
9.644530648307363,2
5.0864377187161605,2
6.519887951899854,2
3.849673649381281,2
3.727370115577419,2
4.589479084256823,2
3.7680410144717853,2
0.385002887828063,1
3.3255507991782016,2
0.8912336834254343,1
0.9517758842212218,1
3.6564267302354247,2
1.4082080210028147,4
15.236255314916873,2
14.185791403435044,2
15.259746960727375,2
12.637738037473381,2
11.088383036081018,2
10.579385866493716,2
10.608866243464584,2
7.470718336290138,2
8.09423495513826,2
6.666552677104508,2
6.268842731970652,2
4.890546531265136,2
3.526728351184357,2
4.187802892258771,2
3.9924063194053767,2
1.7428313809481917,4
17.598326831671933,2
15.842477990994078,2
16.114463721510244,2
12.268824386049257,2
12.790370798664913,2
13.728054073774107,2
11.572767287520685,2
10.328923493139156,2
9.655842342462922,2
8.017125693601024,2
8.769660549058743,2
7.291873983078932,2
4.126791173430452,2
4.766825040644658,2
2.2156731074134512,3
4.362801714008857,2
4.3512545548398,2
2.35201027111607,5
12.831301370327171,2
12.908871975090074,2
10.554606151415916,2
11.738025698246195,2
11.414850906850615,2
9.754093570181306,2
7.9349538349737205,2
4.5469084232686585,2
5.605966088694812,2
4.615231917421767,2
3.282058139882368,2
3.9867047843829138,2
4.4567329378803064,2
1.9344381430959705,4
21.05342363021653,2
18.60441357014405,2
17.935556274527247,2
19.031066638263468,2
16.457028992706082,2
16.13153638593733,2
15.198905393934044,2
12.929880100562654,2
13.978933758925743,2
12.633927326718483,2
10.001714612635196,2
10.43722221224226,2
9.323813009132095,2
7.468997012873709,2
4.818897959799263,2
5.955653245455471,2
5.696110813526085,2
3.002625139395112,2
3.5774621382438236,2
0.059228335292838004,1
1.888178364674134,4
16.366534531471643,2
18.099335743598967,2
17.076078061715382,2
16.377007969461413,2
13.839561879159165,2
13.331668396964544,2
11.768879839229472,2
11.239127655747168,2
11.782324802401973,2
8.799291407430493,2
8.684468919998316,2
8.627133489717087,2
8.274924451482839,2
4.384752560297704,2
4.8734652274978725,2
4.5152107834385635,2
3.2539005348634054,2
4.223846194443267,2
0.0,1
3.6391052943959967,2
0.0,1
1.668797052328747,4
19.649953708312328,2
17.831271662862143,2
18.235849432635415,2
16.83256921994877,2
16.286988722356366,2
14.784062720973829,2
13.097764950863883,2
11.742302592734461,2
14.094034914877074,2
10.42800394666642,2
10.94924906761804,2
8.441251863873823,2
8.548278124833159,2
6.367251662682028,2
5.843040669558865,2
4.755421570734051,2
3.8437834062668563,2
2.6834428491167417,3
20.739638961939413,2
18.702958344264253,2
16.825241008009627,2
17.177216559537634,2
16.838391261245643,2
16.244077635416478,2
14.471520833379504,2
12.866851667556045,2
12.272978077280591,2
10.174370708820607,2
9.773514016876948,2
10.41768841789544,2
8.199356310305939,2
8.515905585957755,2
7.409105648719888,2
4.933490757082675,2
3.6652576360882736,2
3.7831443707530514,2
2.4398537113437953,5
0.0,1
3.1177217091703167,2
0.3081259269265325,1
4.448158923873363,2
1.6571020790395905,4
7.574651597584539,2
8.386126066259562,2
5.511244832655292,2
4.903090597300773,2
4.203893790705724,2
3.3776560659596413,2
3.6757895018624183,2
2.062149862873897,3
22.02654940716718,2
20.514718230383448,2
19.57459862826409,2
16.35919607990012,2
16.114188876228972,2
16.126215540375313,2
15.537236809145535,2
14.618654134058746,2
14.981111068268628,2
11.009026267983453,2
9.64116576700299,2
10.567460528789168,2
8.903228711460267,2
7.972457141835684,2
7.057833020595593,2
6.481828494396341,2
5.464500828826966,2
4.930915621865177,2
2.5447527341406806,5
11.439815921641884,2
11.575163269858306,2
10.006881805958518,2
7.053097506905308,2
9.980429310214717,2
5.317475627696916,2
5.845520667847705,2
4.0661580709527305,2
4.207528768221737,2
1.6074559713572834,4
19.315935423862538,2
15.913012857697218,2
17.61803451573862,2
14.881533093604315,2
15.726591727640463,2
12.563587727527516,2
12.846991426402724,2
11.667798311178935,2
13.016536629662626,2
11.489073460109243,2
9.1945737992424,2
8.647188883940597,2
6.269430315509844,2
5.151448246900381,2
3.2021667385246757,2
2.9210218229841565,3
2.4472074467253315,5
2.2803134006610914,3
5.093077073349988,2
1.5283577458675903,4
4.5495879365990595,2
3.5220273606069536,2
3.3386143702561046,2
0.197718179568846,1
3.5441477133127552,2
0.0,1
2.6240906855588024,5
17.231250215441573,2
16.220993964297232,2
17.267102743070016,2
12.914999372692012,2
13.6323521635374,2
12.021140731045511,2
10.801006735207231,2
10.640351885294457,2
7.8782056531141516,2
7.30224080817497,2
5.9214140716134915,2
7.308423320881003,2
5.494161320979834,2
3.6397517354629687,2
2.0658045635400915,3
1.969017032298626,4
0.0,1
4.9570423290775265,2
4.780652877524452,2
2.7857692397943383,5
15.989712000007394,2
16.775804473119575,2
15.68057869076034,2
14.499791042100966,2
13.448972232649016,2
13.224437325889044,2
10.197006329939372,2
10.084826024779812,2
8.386962546728524,2
10.268845480151436,2
8.806613719916081,2
7.7396463618530404,2
5.937648517440963,2
4.553827389094775,2
5.4056081972050665,2
2.6588463668905864,3
18.708570691231454,2
18.42013573625175,2
18.11894355496638,2
16.061878595183337,2
14.02436346426192,2
15.910856160722323,2
16.24322879627233,2
11.873006665912554,2
11.689381696003293,2
10.120586261578014,2
9.330765672375216,2
6.645385097836481,2
9.216068043433275,2
7.581546214622613,2
6.722143731094643,2
5.894163350087952,2
4.584490822719158,2
3.535562476239264,2
1.240771543178458,4
20.66117027243385,2
21.90263448469091,2
18.411724967340966,2
18.231170842704664,2
16.027418055881295,2
16.64068182411777,2
16.222467530607158,2
15.153158642712155,2
12.015347765214507,2
10.475524162414887,2
10.809513562589583,2
9.40121368036286,2
8.439001650900341,2
6.680464554428836,2
5.917160691484183,2
4.148472310400616,2
3.4017417808824773,2
5.132350918970173,2
2.8412733519597038,5
18.902610529540443,2
17.676025521741067,2
16.871139386559193,2
16.328417578969407,2
14.55445131878232,2
12.803704666721014,2
12.05357599161115,2
11.058458787300367,2
10.159398328003954,2
9.997367117601673,2
9.177553774665334,2
8.291930895502711,2
6.09934442896237,2
5.36665992842159,2
6.1093636581193556,2
3.893098379218481,2
2.7330438432070463,3
4.178936051409028,2
3.2997221626990734,2
1.1227105664349408,4
23.648712595043055,2
22.479318569939505,2
20.781735282908077,2
19.63875532516894,2
17.85608631662839,2
17.835945061329774,2
17.398674233748732,2
17.45805443596975,2
13.5098857759465,2
13.834251031262074,2
12.760745443437338,2
13.68783530374376,2
12.163427271046743,2
10.108409084122306,2
8.278788291139549,2
8.23024891856624,2
8.880779064433801,2
6.830055971217615,2
5.437234834010368,2
3.908182885881671,2
3.4603868295267235,2
2.070280719583096,5
2.4096569984042318,3
3.7244424206567697,2
2.4608246549314305,5
0.792881311565381,1
2.6008824808251383,3
9.158639015448056,2
9.2955996877574,2
6.759330123900835,2
6.3383784159781165,2
5.552370058629863,2
4.952853135042263,2
2.9663461644043143,5
7.238847061731553,2
6.1316143107590815,2
6.151015158206597,2
5.3403767302918554,2
3.935800088303583,2
6.481217785209972,2
3.9485377707438416,2
2.31761471021263,3
4.796835002048411,2
7.4936521791907085,2
4.5884903945295505,2
2.0819028850305648,5
15.273916664582329,2
16.558851039345342,2
13.887932084144175,2
12.369267749427127,2
11.949406102965884,2
11.112668063780315,2
10.7939379427837,2
9.28782235875972,2
9.01812287617926,2
5.122685811273646,2
7.022883709401563,2
6.530437165223672,2
5.040618928030204,2
2.7734715991203807,3
13.984464787129047,2
11.996122776535401,2
13.340079490304092,2
10.850243697254012,2
11.542355920564473,2
8.165246801346571,2
7.144920785893693,2
5.683867458812269,2
5.681413334706143,2
4.632298180506417,2
4.666560670789195,2
2.5830465720206397,5
13.467273484984336,2
12.027091273754904,2
12.749759391747796,2
12.458007028988959,2
9.014550490005895,2
8.543176444658341,2
6.69503326011183,2
5.884706005016875,2
6.720018083455509,2
6.421317770018081,2
4.5706911695502495,2
1.6026487148539743,4
15.92246315746842,2
14.432994790936005,2
14.206271918842873,2
12.193420571176894,2
13.556586511061942,2
11.188248156556673,2
9.430026888044877,2
10.816591867192452,2
9.366352679153582,2
7.649827683355736,2
7.70707843964755,2
4.627300236819723,2
6.712200490523959,2
4.353101431595388,2
2.3667712546996182,3
0.3780097842042245,1
1.4872025649639875,4
7.049608347642349,2
3.7005517198376947,2
2.92605939799361,5
13.366250399949358,2
10.606888985453061,2
10.98895293171587,2
9.011415760254588,2
9.02565491876994,2
10.158245268057119,2
7.471686335494196,2
7.0425783127089865,2
4.445413418481105,2
4.173846178157098,2
1.8847506233563485,4
15.491125844137784,2
13.98286112409667,2
13.939986090126126,2
13.073181418607481,2
9.782933205657107,2
12.229736488745832,2
7.92511234748356,2
9.712518400179594,2
6.436060374128374,2
6.541746358024554,2
4.586493320798635,2
3.5044948683992336,2
2.621214941497002,3
17.266508957825145,2
14.682619591201675,2
14.680180763379994,2
13.630612924059305,2
13.088720695341284,2
10.831730722826206,2
10.4745561984343,2
9.176467863958921,2
6.896290864932783,2
6.656561000288353,2
6.560344270682322,2
2.5714269125167157,5
5.142031775057164,2
4.163031750391363,2
1.9890973373595875,4
3.972061081153648,2
2.3942262676223938,3
2.351341579985223,5
2.38640412292275,3
2.6805818490343007,5
3.237735958724161,2
3.1941410806820865,2
0.5523880608137042,1
1.2359489835019897,4
4.848377645748188,2
2.902493471987857,3
3.9737960238479246,2
5.064054986614453,2
2.5702048790343976,5
13.743131081314445,2
12.504850828687012,2
13.044628465000365,2
11.262629641966347,2
9.249399330730617,2
8.84469055258314,2
8.692464870348326,2
7.254210543185878,2
5.831339617282523,2
5.386796308495423,2
4.978731056616684,2
4.594186564447418,2
1.5369667268914875,4
22.219291849731558,2
18.586052754923625,2
18.310508998066677,2
17.053535905822446,2
17.831129613988754,2
15.257441405043792,2
15.979145382647252,2
15.171397051799099,2
12.442695291104512,2
10.43470387854594,2
11.741777062732346,2
11.0557185810349,2
9.941333754695998,2
8.004078638818571,2
7.212339288953612,2
5.804339757813652,2
3.849588071016396,2
3.906350664308128,2
3.989439218959852,2
1.802963826686872,4
20.694039939979852,2
20.217075111713804,2
16.177136878179333,2
17.168198136294688,2
16.653407830876084,2
17.87723487895613,2
14.57675274754964,2
12.491587889049,2
12.964509042905155,2
9.964536237043928,2
11.609705242109127,2
10.524653906870686,2
9.209328048866126,2
10.376754015509665,2
8.411033202891634,2
6.58120831110855,2
6.637800042974755,2
5.633811495894403,2
2.5890001688102933,3
2.2544313602420027,5
2.4225959449663232,3
2.57334660353816,5
3.3297423109910187,2
1.3718049928146798,4
20.284031007307032,2
21.04728046406988,2
19.91130527469366,2
20.16763423841748,2
17.496417517881223,2
16.377940737983227,2
16.207100496793093,2
13.361894031508,2
12.744595035557639,2
10.371371260405787,2
9.88946881757834,2
9.329587197943669,2
8.735212127082706,2
6.0797075524468935,2
8.426797833321444,2
5.613696015739766,2
5.134192308323971,2
3.529409858299889,2
3.4872532537496745,2
3.15228530826774,2
1.67740930464657,4
23.203778977127023,2
21.336839228198627,2
19.408969925163976,2
17.80378346266413,2
17.25198975565022,2
16.557559583600117,2
15.087553048823853,2
15.21525562807201,2
15.174952143082594,2
11.374392661492186,2
10.73366409350263,2
11.172004241759954,2
9.914582390061335,2
8.845898357623307,2
6.650222976955026,2
7.120045493090688,2
6.1239238600590715,2
4.773567865405424,2
3.1072836522555085,2
1.2172803391164095,4
20.53360802817245,2
20.860855643258677,2
18.661638304438696,2
18.330262034469406,2
16.36681431140785,2
12.550245004780411,2
15.146218705885564,2
13.478962397445546,2
11.304628850808193,2
9.332825747312764,2
11.22783475229398,2
7.720989152668612,2
10.422034462878724,2
5.996294312216389,2
5.565107673806835,2
3.9598521879679383,2
4.369350606780613,2
2.57218108045491,3
12.352161969813276,2
12.360556210467166,2
8.74319561704113,2
7.771684330591864,2
6.005389082256861,2
8.341170540295769,2
6.352634033066533,2
3.0643359237349,2
3.063831963413264,2
2.8055624856335957,5
7.515207976838927,2
5.232825156483708,2
3.5597545092814857,2
4.98434505577342,2
3.0690847122630296,2
3.828729833706898,2
3.1645028840491785,2
1.8712402833932869,4
12.763909519055495,2
13.21215168168304,2
9.630618453325773,2
10.44290107527742,2
9.513807786161275,2
8.351518456913874,2
6.64980543595783,2
6.492751053219598,2
3.8056252019071115,2
2.636567632649027,3
2.3923774220830216,5
4.818026554090426,2
2.774716706623797,3
1.6592197505143982,4
6.264953003248936,2
6.9078353068071054,2
4.2142734884153565,2
3.116478759372762,2
3.7522689427719778,2
3.4373407117672845,2
2.4572922056586863,5
4.440888523697417,2
2.0176592066350683,3
1.7358435210202527,4
7.49342791371954,2
6.681571857196692,2
4.744366909846083,2
4.297071576446716,2
3.745413200695656,2
3.5653819583708866,2
0.3748443879945148,1
2.5438085724181376,5
4.858730513966312,2
3.3073961607795272,2
0.594519096722609,1
3.394557490123145,2
0.002737985192389436,1
4.584029292135656,2
1.0728066544723325,4
19.829684306565827,2
15.393457597138722,2
16.181068273714267,2
13.449585301416604,2
14.146697679075325,2
12.940904354957311,2
13.272531513898587,2
10.760797740499003,2
8.694464090282418,2
7.419459846171737,2
7.480852505557892,2
6.852302922576013,2
5.941754463691528,2
5.476523675427372,2
4.944522898057066,2
3.052100574618159,2
1.1700438858295539,4
19.222216687050942,2
17.439793264739606,2
16.037626510914343,2
14.516022272138677,2
14.004443365593893,2
12.006483399722539,2
13.228201203352402,2
12.391858796437699,2
10.46894837256851,2
8.711644440068058,2
8.045681730320274,2
8.854743699729578,2
5.926473846509307,2
3.092829474798035,2
3.9995873891216274,2
5.254928203995654,2
2.164467059365196,3
0.7995021335996346,1
2.303506967915737,5
3.832889262064848,2
3.2361289870552414,2
2.074694076970132,3
0.6358615299343867,1
1.4292124201031584,4
4.869286844448111,2
2.3757631923305467,5
16.27438223264218,2
14.714732673836265,2
14.034736319672833,2
13.087150021142339,2
12.712483028740465,2
10.485492356915133,2
8.232305772403924,2
9.74552030865886,2
9.562480112919367,2
6.8301991407020655,2
5.827947370121678,2
3.2170553968914937,2
3.9944289062420046,2
2.4994649261329753,3
2.6052833033409235,5
3.0622236750109972,2
2.253389595990625,3
0.9113662239583632,1
4.314175476594536,2
1.5442702671272428,4
4.668505433172328,2
3.3970311563708524,2
2.978971652632697,5
16.945390888329687,2
15.89675051828814,2
13.897031844107024,2
12.816317258747427,2
12.337812377130136,2
9.746892495654679,2
10.031610861803609,2
10.534862913407137,2
8.726394681588156,2
7.716616141520213,2
7.433459675811566,2
4.6152047739031365,2
4.868326057391653,2
2.2934176741061734,3
13.07142216407832,2
12.24381817773759,2
12.200018105969756,2
11.071383116361377,2
12.049026371566848,2
8.280862965015432,2
8.189292831756733,2
9.01093700743308,2
5.470546949203103,2
6.277130733742068,2
4.998389216241001,2
2.7206441624929325,5
14.080914399192016,2
12.43825021047673,2
13.416566166321886,2
12.850713344300187,2
10.331061182667018,2
9.441492320211077,2
8.013443740797866,2
7.592227263749603,2
6.712526507106968,2
7.2264471862266735,2
4.575456366415064,2
2.4058804270405867,3
4.901556555366228,2
6.597062320445231,2
4.4761123341708435,2
2.807792093873015,5
3.924383110865696,2
3.5651224104588706,2
4.281371761784817,2
3.8582102951623702,2
0.26616507575685544,1
2.130629740416162,3
3.551955989686312,2
3.5891669506034396,2
1.62048215705942,4
3.1026379202953,2
2.1202898323333152,5
9.173706555553814,2
7.766929278150675,2
7.016721635496122,2
4.570801249034441,2
3.705477132044493,2
2.7114786160739976,3
6.60947541963622,2
5.538753746023802,2
4.552718226361509,2
5.005114904088014,2
3.9777286065791464,2
4.220692096631291,2
2.0732260990813645,5
1.9794329736408638,4
1.1363135408131304,4
1.177337136592418,4
1.2307063977913983,4
0.9526320479531276,1
1.8915113620715869,4
2.150356531365821,3
22.400862153868594,2
20.659506472270934,2
18.508299210784756,2
17.865698144753694,2
16.51131816226665,2
15.65333722396171,2
14.495211941083367,2
13.76316640294056,2
13.280725092590256,2
12.596510555319714,2
11.507538440933594,2
8.495147113961911,2
8.357562666379286,2
6.766656844637255,2
7.1730812814615295,2
5.852096359686476,2
5.499565530706519,2
5.3447109244765585,2
1.9172211892348705,4
18.51543018961353,2
16.465597122610625,2
16.99396469082586,2
14.447660469980807,2
14.616850161951255,2
13.855944507868012,2
13.935026508836513,2
10.425808194514476,2
11.745956077526335,2
10.689991675477222,2
10.331471594918947,2
7.512410462679122,2
5.95893496860247,2
6.3053753493951925,2
5.2690530516412,2
5.262430110165207,2
2.713354325006226,5
17.4575048985142,2
15.005586060106962,2
14.663766204436973,2
10.825836838905404,2
14.589953144973427,2
11.570964293872526,2
11.928965590375615,2
9.598119911164485,2
10.170866435624363,2
6.6635493764098985,2
6.0284551866956075,2
7.353923883533452,2
5.650073055595972,2
4.088704342346638,2
2.7641644383023114,3
12.007821841905153,2
10.133409040154977,2
9.126432190924463,2
11.137983015762124,2
8.913567379865505,2
7.036869021730232,2
4.1889275087621884,2
5.7673947599918725,2
3.5993989558221853,2
3.8137284695710503,2
0.31353308913919703,1
3.9682299229585434,2
2.53551607943505,5
14.130208614756055,2
11.976863148971491,2
12.258960405542199,2
11.994660554349482,2
10.907848402910865,2
9.056535325485212,2
7.875098105992832,2
7.988784059309943,2
6.833521844322783,2
3.504868213583803,2
5.382832677088095,2
1.816556634277724,4
16.458449997088255,2
16.150370139627718,2
13.382048554019294,2
11.91775032033325,2
12.239820018528281,2
12.960202749578487,2
12.453281661022718,2
11.871089283207226,2
8.357311466067205,2
10.665732924823637,2
6.421816009023878,2
6.887258070358914,2
6.2039466541939925,2
4.150867951183258,2
3.478540318921498,2
1.7030396409730117,4
18.218892490691672,2
15.227529316862187,2
15.963626149133079,2
14.639950292506294,2
12.757850519659451,2
11.482126697716975,2
12.764631151368793,2
11.363111726877735,2
9.731141363285504,2
10.18418473686999,2
7.7741349484220414,2
7.665857390042842,2
6.392904971286813,2
6.154050420779319,2
3.8226917668752285,2
2.487844145407978,3
6.264055148199461,2
5.334253983145459,2
6.153903828965964,2
3.1296851581373413,2
3.5778080026021715,2
2.1416706289100462,5
10.460638456871145,2
9.614927160616881,2
8.01961113905275,2
8.889743232665351,2
6.063860439988832,2
4.533167428524555,2
5.023035252854243,2
2.471552595644122,3
0.0,1
3.6679090142299433,2
2.4616921522211848,5
3.9609865006214378,2
3.1910110739686637,2
1.073978264121907,4
9.022366223598233,2
9.8396056982641,2
7.634676853266544,2
7.981255205099589,2
7.5058681589893235,2
4.549123336576692,2
3.1638286470834585,2
2.0870481920075736,3
9.8120503611541,2
7.07815985115375,2
8.913037465390087,2
7.445432946795955,2
8.005376165751365,2
5.116428349581375,2
5.239083021450089,2
2.6418796483151983,5
4.092717629835874,2
3.863977965423113,2
3.4806053661465164,2
2.640673972995791,3
3.3527052257252126,2
5.6903050286551,2
4.2324952894248495,2
3.262888679036094,2
1.9729755587332167,4
6.443017364591876,2
6.246335191249816,2
4.7677682490436935,2
5.379895241364462,2
3.518167744819248,2
2.4430045925696837,5
10.759044639680793,2
12.573471191130338,2
7.650338609928867,2
7.654097849692631,2
9.336615984253994,2
6.677530669843692,2
7.1965654952944895,2
5.1639619848698635,2
2.75272462019922,3
3.480053462870948,2
2.86374582189194,5
3.1708609374773427,2
2.026809773303613,3
6.217760271576072,2
6.334727363576789,2
5.793447907212225,2
2.9630277083947965,5
3.013985375160984,2
1.6455840640768935,4
1.8385855317283453,4
2.3389526154979783,3
3.6186128249937797,2
1.7442951103140665,4
11.219132680467954,2
9.44704277076278,2
7.543485152720832,2
7.127879691900058,2
5.642006427047014,2
5.580258108620871,2
6.390447070593072,2
3.2751444954292643,2
0.7610663153047039,1
3.3368691405661304,2
2.299724035565197,5
2.7092282327910877,3
3.0158101627086573,2
0.08122407520764073,1
0.5448802378653987,1
2.6355608941599997,5
12.989201245183803,2
9.970143005041919,2
9.222285973201087,2
9.574490713264511,2
10.04685696842515,2
7.337647148846023,2
6.1952144567307394,2
3.805830538473848,2
5.245902011433691,2
2.7876975370602537,3
2.7924750427444875,5
2.578373640741213,3
3.612123458930841,2
1.6328459246108895,4
10.04706503712228,2
9.69242066621799,2
7.749660115282298,2
6.74826072050549,2
6.394689847037362,2
6.495992509982378,2
4.943091429738411,2
1.820208891564779,4
10.826183809316797,2
10.030089456135856,2
7.6666961070745225,2
6.462908805888244,2
6.575727159481816,2
5.309055190408691,2
4.9056852020389945,2
3.106802836591064,2
2.3339810130773357,5
15.707178470117125,2
15.002193611932945,2
13.407574031676607,2
11.673168137310936,2
11.034215296306806,2
10.558607354091732,2
10.144189098272212,2
9.183900721806356,2
6.802369927038236,2
5.9400900399098076,2
5.994836311144517,2
3.621883645732888,2
4.099577906538238,2
2.078242618054845,3
1.3124093427433507,4
1.9214790058525344,4
2.314606429688567,5
1.2276323169389791,4
15.010799936310056,2
11.786598654571266,2
11.716011576418936,2
11.827633509941421,2
10.963690234714367,2
8.559173169587229,2
6.424658485998223,2
6.6053302389902,2
5.890658650901134,2
5.177903901027928,2
3.1965949124575515,2
3.2111972550443166,2
0.19342263360183232,1
3.2037620059687133,2
2.390682045764974,3
6.635063460092115,2
5.8666155652197025,2
4.274215428388971,2
5.022113556127982,2
3.349112398265228,2
2.754045243702977,5
4.744988243958167,2
2.9099625609651514,3
7.360296013878598,2
3.783557454929928,2
1.8086766917501973,4
7.3826537238785805,2
8.955068265287004,2
6.372519021159537,2
6.868755787169219,2
4.7631284081976295,2
3.5107717036308372,2
2.039870280226186,5
1.7999441684259987,4
6.149318704705094,2
4.019220492897402,2
3.574453400910989,2
2.6359535128706955,3
4.050207967574705,2
2.537046742807963,5
8.981104969269625,2
6.255428053581988,2
6.8046303744978465,2
3.5247449093177123,2
6.61622297192157,2
3.706344310750274,2
1.4867268058844982,4
12.161729408821484,2
8.513959457880429,2
7.730349096587767,2
7.9931906014539775,2
9.503947937397674,2
6.274572086222436,2
5.591617672737256,2
3.7781928293953606,2
4.955573573724575,2
3.067496985248701,2
2.4777846677951865,3
4.810190373445317,2
0.7921149326128751,1
4.030319229300186,2
1.5891276022351282,4
6.419665578338232,2
4.965427275137909,2
4.233549289870019,2
3.3884296213850433,2
2.4890722920199044,5
4.292918540500237,2
2.5686862586712413,3
7.2248469988830575,2
3.7067746756833926,2
4.302380954676694,2
1.1615613391061828,4
9.778316534937742,2
10.36184168432109,2
7.11807429482934,2
7.2579765612890546,2
4.44069985181339,2
5.948979666305823,2
3.10312668532404,2
4.947044382230961,2
1.8306081990061405,4
9.81413730314996,2
9.762104419654973,2
7.859955379938438,2
8.870446337008614,2
5.537453725004836,2
4.905717673905593,2
4.160978669001073,2
3.045178566873686,2
2.3542670372013736,5
6.030609077484613,2
4.485722880560847,2
2.2353524099517044,3
2.4068427644050026,5
3.051614220369668,2
3.6946639162643016,2
2.4999542720726247,3
3.8982532425840666,2
1.2789312540885696,4
5.011359137958802,2
2.8800520038266653,5
6.21970530572588,2
2.9051087462416065,3
4.0433433748292105,2
1.7918044042388803,4
4.7796967594316735,2
2.8648291123297245,5
3.9900577023926287,2
2.31128525273256,3
2.550388558147596,5
1.5728085545243329,4
6.152623361692836,2
3.8296154427333633,2
1.8890037905365376,4
2.2618161201737395,3
2.5759628616904093,5
4.366498752347337,2
3.0630465773119337,2
1.3105016135497356,4
6.976110821120617,2
4.129558879641343,2
3.8135423427108335,2
2.5501412817722064,3
9.039607625778991,2
9.853261930877824,2
7.042247419188504,2
3.926064304047264,2
2.4070239198291263,5
3.1372702351171258,2
3.08040339974333,2
1.8802671834004705,4
12.35094371601857,2
11.132391604383113,2
11.031846934066042,2
7.574733268140148,2
8.554292475229422,2
7.884128418295924,2
5.812290276842227,2
5.5171780361202885,2
4.519583080655421,2
2.739187891550735,3
7.396017613267476,2
4.902186612799331,2
5.7737993877984275,2
3.5430450487464964,2
2.853422155903292,5
4.230782902167452,2
2.1236748783857697,3
3.360389120898617,2
0.5944474465066341,1
1.5303602516692123,4
7.6976369350259555,2
8.526962879239232,2
6.4949779637927545,2
5.186485204485255,2
4.579801407333721,2
4.319944100033249,2
2.8044957011895506,5
12.996908137833714,2
10.135044756648373,2
10.727938015282968,2
8.804861470747449,2
7.727532322000282,2
5.3940983516795775,2
6.785077642217853,2
3.359994622474609,2
3.2997706612200868,2
2.428278412473751,3
4.653756885727232,2
1.5759855212016471,4
9.359612445524599,2
8.58042131074358,2
9.0063764268962,2
7.160676383638532,2
8.08157100429246,2
5.401210961724495,2
2.7671713885529354,5
4.135380141598967,2
2.565952520447337,3
4.940069010140277,2
1.628384536649497,4
9.354428367881367,2
7.342812891468678,2
7.0309831967656935,2
6.17345623547679,2
3.6527989816208577,2
4.886476292397673,2
0.5588601556062369,1
4.406842860243733,2
2.2867412563577063,5
4.677102877179895,2
3.401927363888248,2
3.626327375423522,2
0.3093564636701128,1
1.0401928943404106,4
11.87503909702499,2
10.650429167811303,2
9.4135144338471,2
7.22848859273171,2
6.346440038185035,2
7.151662398507102,2
6.127952714481304,2
3.786899541713116,2
4.463655211878197,2
3.24868616599456,2
2.365298017443456,3
9.458253988964103,2
9.752206593424583,2
6.985087267408668,2
6.428727726001759,2
6.656494973853391,2
4.188005908247794,2
2.234936444934748,5
2.94564905400318,3
1.0048218552963637,4
9.810902462169883,2
8.324053542891777,2
6.602701668019647,2
6.548462634787952,2
4.987793359970576,2
2.6644832178023856,5
12.470503167786296,2
9.82048615169106,2
10.262747174845511,2
9.828948849381419,2
6.107718211129843,2
5.960254976959428,2
6.438343787799537,2
3.95185242813198,2
3.232495534203851,2
3.002513212950283,2
1.4754182139363277,4
12.324465594425034,2
13.986333902063462,2
8.623718796586957,2
8.150007102056122,2
8.479270747691668,2
6.011597344912077,2
6.455845703532237,2
5.501758685787491,2
4.965751483216865,2
3.1516485474315665,2
3.4472974013547732,2
0.3723829523062907,1
0.9888712737955834,1
2.5406167809785063,3
6.339719053865976,2
5.792793764239542,2
6.678258731316707,2
4.748076363030323,2
4.83097108690441,2
3.7729849661178703,2
4.092194990530935,2
1.9997580808489237,4
21.77450115632431,2
20.4221677818647,2
20.635255356289512,2
17.277002133561965,2
17.64504982623971,2
17.235856371126758,2
14.163770993192026,2
13.737285147003211,2
11.878229245427132,2
10.848579596057037,2
10.106142117346666,2
10.437281984754463,2
7.582924220540973,2
5.91848522981945,2
5.831314393274858,2
4.647214833753806,2
4.249216626014937,2
3.17122359127939,2
3.9359415978723615,2
0.9424254016365304,1
1.9469777270890896,4
18.65493580545396,2
17.472685403099433,2
17.643672695366103,2
15.279767433975264,2
14.937719938655258,2
13.365012767659225,2
12.331544638677867,2
12.059020117626885,2
10.799087235864793,2
9.737319322031768,2
9.33042122624694,2
10.932418528371489,2
6.990289826928057,2
5.697223760638398,2
3.728306199130718,2
4.048525845842469,2
2.8874862918341075,5
3.4039880984252355,2
1.5494477069810388,4
0.4851872148406926,1
3.5215897587405336,2
1.923239529306648,4
2.3632570654187117,3
3.768148722179793,2
2.336809184597065,5
0.7710181205109983,1
1.8940248055351676,4
8.494087655487606,2
9.728431884067234,2
6.1272951807558265,2
6.3671330600407625,2
4.562615251404198,2
4.3576652726405305,2
4.481225343085696,2
0.5220857960459415,1
3.5445721041725213,2
3.576985503302735,2
0.0,1
2.980171853202446,3
9.145171678771886,2
7.962132831223081,2
7.759838584416068,2
5.898972602133822,2
6.564488154088952,2
3.1743086990420357,2
2.532356419410008,5
3.6062155927909583,2
1.3233016929956711,4
10.837696997886466,2
9.472204869664784,2
8.160433438477478,2
7.7107936183696095,2
6.695377678466081,2
7.214279704032035,2
6.639482857043728,2
5.317712825404881,2
0.5047288497834419,1
5.840931385367257,2
1.9380674906747024,4
11.537032267142086,2
8.857809288052499,2
8.819587040770633,2
10.835541598029106,2
6.3155212789472115,2
6.652426729045483,2
5.0850133515198825,2
4.974729647864867,2
3.2522288219714963,2
2.8059482880979,3
5.7683954941245,2
4.4591918781107465,2
4.029833102028926,2
3.7612917124746166,2
1.7992576649836027,4
8.087433237995763,2
7.024417027491762,2
5.800157655499072,2
6.064762722743193,2
2.352141420161203,5
11.497221009512591,2
11.123360732143041,2
10.654246373815019,2
11.14195853571542,2
7.548793710846798,2
5.6289585704857865,2
7.282273209286583,2
4.76362501756037,2
4.457728070431687,2
4.482427495434006,2
3.0009719144096403,2
1.0707234840665567,4
13.022956430360553,2
10.997021831048428,2
10.453925787407073,2
10.932903197975984,2
7.022813506491299,2
8.489744492737486,2
6.709944665092664,2
6.927164632510317,2
5.1019893076627625,2
4.434221541854863,2
3.0048343911734703,2
1.4587725777023348,4
12.676236324531805,2
11.347886495099619,2
10.489052428638754,2
8.446341256262754,2
8.991981550020178,2
6.568753044891592,2
6.1640493763988164,2
5.92348040194389,2
3.82666750969836,2
3.8519244364092975,2
3.195603797570284,2
3.011059920408311,2
0.0,1
1.5562484869119455,4
11.26327969631272,2
10.870732371592574,2
9.366153781141923,2
10.281329399629676,2
6.925465442058768,2
7.59751818739964,2
6.8011549583284365,2
4.857503839910731,2
4.253947725843715,2
3.0198814209045035,2
2.8187856322919536,3
4.500396599814393,2
4.275712959302993,2
1.299516624926326,4
6.0165535978162,2
4.400643448562322,2
3.164351696796972,2
2.7902787386476136,5
10.435688442776222,2
11.64700785328399,2
9.934982519610953,2
7.956720648567264,2
10.059134957035742,2
7.885600523233493,2
5.014590223235347,2
5.784164898584798,2
3.512012438499192,2
2.768549829422941,3
7.481200086108342,2
5.66024990898654,2
3.7799134932627374,2
3.2829506625548732,2
3.59462308850497,2
2.4944486241021666,5
3.7384980296763466,2
3.0592420324642937,2
1.939113109796854,4
9.499345921588818,2
10.569748932305489,2
8.721403385537762,2
6.849523043251432,2
7.0796405235914195,2
6.566147739182737,2
6.525928037248849,2
5.483091924780887,2
1.659512108866931,4
9.254781739130728,2
7.426296658902827,2
7.565046506245402,2
5.704327479231037,2
4.422312486793539,2
4.317131114557683,2
2.082018901586926,3
0.9794569704606304,1
2.082176059558973,5
3.949358833102482,2
0.9329767315828588,1
2.5307831108616803,3
1.7300171134144844,4
20.899254264574285,2
18.654417460070047,2
16.82425243382528,2
16.339116627161868,2
13.757275754762823,2
13.554331948890061,2
12.98685358108229,2
10.560656794026244,2
10.790582782291887,2
9.74221792556808,2
8.459472340642268,2
8.115277682270987,2
7.3547532484988976,2
5.596342676069398,2
4.4452424870492315,2
4.881914062282432,2
3.99470335002332,2
4.178068150897851,2
0.0,1
0.800585496364616,1
2.644908343033054,5
1.6438015371205683,4
3.2295373870395565,2
1.5372027262668535,4
2.4013056674980784,3
13.544536043485707,2
12.41358401677301,2
11.090146409258637,2
10.900528809396627,2
10.082032584991056,2
8.752067383805441,2
7.649085750109893,2
7.776221657540213,2
3.570403878822828,2
7.102301317247338,2
4.19246250479717,2
2.9289814538046057,5
20.373421627338477,2
20.75392926255861,2
17.840314923421577,2
17.519973534654483,2
15.637064294585233,2
15.388605998046787,2
13.231293812892165,2
12.340461770767035,2
11.435184137550399,2
11.13743539957494,2
9.079496178219511,2
9.100688292304245,2
9.475092802849908,2
8.545319229265811,2
6.578954910202983,2
4.443502971416363,2
2.9990840839774235,3
1.382858471954704,4
7.461958390734191,2
4.854617539304712,2
6.374726696180217,2
4.5621288431265725,2
4.235012563293189,2
4.0157526546274225,2
4.505991264128849,2
0.0,1
2.134784049555585,5
2.8255838406352116,3
0.0,1
1.6902476343771309,4
5.7703536979660655,2
5.571532166545091,2
4.538835061552387,2
3.915537811939114,2
1.9582330365170395,4
7.39922343286016,2
6.823546152648777,2
5.389487430736038,2
2.9799851259537316,5
0.0,1
1.3824036812506495,4
3.859853816773178,2
2.323963684408364,3
11.579475971921338,2
9.973681616966534,2
7.482624265679605,2
4.706140848147927,2
5.400334792620506,2
4.57597822012037,2
3.90001329044748,2
2.3851268332463347,5
1.1068718166080416,4
7.516599442473654,2
5.905884675139142,2
7.285727472753306,2
4.2520354027727665,2
2.805564017540008,3
5.786664424922384,2
7.143341093705121,2
3.5787121806244664,2
1.9852127972883082,4
10.641835333991859,2
9.206325775392171,2
8.983053526251695,2
8.645384122264732,2
5.283711137642038,2
5.864363143955063,2
4.082943200626644,2
3.940392192191108,2
1.3606808139971325,4
13.305128824302102,2
10.185570664254293,2
8.097390453572539,2
8.92989547044041,2
7.86401498922605,2
7.793707732351678,2
7.396613359714028,2
5.463793622031092,2
2.873103970883784,5
15.769130337165532,2
14.598895765670138,2
13.691650636014545,2
14.325417418503127,2
13.935825233449691,2
11.077899392078756,2
10.022528482906665,2
7.551664311166202,2
9.143053712233227,2
4.9598423068527415,2
4.859921931951984,2
5.953328514982822,2
2.423757613150749,3
8.111482491172579,2
7.022655293253216,2
6.010322240055232,2
4.356967608064226,2
4.4477407941001905,2
3.2317757310007016,2
1.3050414669964303,4
7.69442444254236,2
7.254699066293006,2
5.274793223906208,2
5.361645274722848,2
4.3225273757427205,2
4.135790704582076,2
2.3972801421347767,5
17.362731395727014,2
18.333665776039123,2
16.130411666130275,2
15.09575566426933,2
15.082629510271216,2
11.269039889694572,2
11.97626606881002,2
9.718043155932797,2
9.472981677931482,2
9.966810490916828,2
8.93368546043379,2
6.978391603342638,2
5.8353294499797155,2
5.333424902717549,2
4.404303803278802,2
1.5071541437394915,4
19.136489974462908,2
18.27981099909925,2
16.344293357928922,2
17.174208271702724,2
15.724174739067655,2
13.71935740537776,2
12.20064458714624,2
11.235059074829962,2
11.255335246689933,2
9.717388400793435,2
8.491618747063674,2
7.710171863625,2
8.086194136901318,2
6.617833298733166,2
4.149255667693302,2
4.124376585403403,2
3.801888334136615,2
1.6608635732772026,4
17.862849579176466,2
19.359696540336262,2
17.244075466838492,2
17.309050765967697,2
17.4812347967045,2
13.41875090325189,2
14.486281457064848,2
13.323468721031752,2
13.432096118304589,2
11.051227693233109,2
11.643823829536323,2
10.320142650432825,2
7.8215826635679555,2
6.754474055632786,2
6.487579214436336,2
5.114680236512841,2
4.044199129738112,2
1.1773152773560414,4
19.58753629182908,2
19.094399966614805,2
18.368863961983426,2
15.74842356792728,2
16.429010302901006,2
13.113419477944,2
13.254671704371988,2
11.106721361723011,2
10.05830180777315,2
10.027310828397349,2
7.448140724781338,2
6.794646820394603,2
6.811508863562063,2
5.354160237180426,2
4.387945307439503,2
3.7577550661326407,2
1.7868375119430615,4
20.732987046102842,2
18.061285622567173,2
15.825286023884571,2
15.416016210865015,2
14.627260260645127,2
15.103034056287715,2
14.93220185295161,2
12.042306188807325,2
11.357070944332285,2
7.820335759769722,2
9.077096257997301,2
9.97890935376864,2
6.953109058316588,2
6.203978591460077,2
5.220043650449557,2
4.550335080717549,2
3.473788547633505,2
1.5320870350742457,4
19.651338643867234,2
18.73356822130939,2
19.328029586616687,2
17.451795851179654,2
14.896089103956875,2
17.10827420465048,2
15.042063539029277,2
11.106593339355962,2
12.015083261457994,2
10.158014938645051,2
8.411787864138137,2
9.517390903972547,2
8.929093233644576,2
6.053851592027629,2
7.900257658629039,2
4.114246091362111,2
5.695247812928907,2
3.054063585607105,2
1.5464803916475358,4
20.451036247536173,2
19.287972042805407,2
18.00353446598661,2
18.61753531140109,2
15.345919129152383,2
16.115434872280495,2
13.931340278228472,2
12.307610216801242,2
14.099558166211615,2
10.955754216617223,2
9.437234214215936,2
8.78174781428234,2
8.681941452061885,2
7.57326049588133,2
4.6951675603912255,2
5.5332582216456245,2
4.827769834219624,2
2.225605858377313,3
8.536678021401602,2
4.105388321793667,2
5.438958541714044,2
5.0101940100242315,2
3.565167939895653,2
2.302593766346785,5
3.0928149911699023,2
2.6293587647626024,3
0.0,1
2.710062582646409,5
1.583195047321747,4
6.664391915538412,2
6.7066572778048705,2
4.663832137775733,2
3.4943041539260253,2
4.041608373569942,2
2.18771921473844,3
7.750181113629247,2
6.898862319597511,2
7.1866099526862515,2
5.366781383676663,2
3.4248434600565494,2
2.5310846633908533,5
3.727127955504916,2
3.1945909865539117,2
2.6250007957698176,3
2.3201575186516736,5
2.230340666801541,3
0.9100616410028672,1
1.9018473143861316,4
3.99140762568315,2
2.0181928566947294,5
4.867961669857838,2
3.566269887293808,2
2.5321885590054127,3
9.52561760949764,2
10.038253995419684,2
7.785154181258941,2
6.122038015204836,2
6.017734388759058,2
5.110232838851034,2
5.426246634463714,2
2.3596076157124664,5
1.95253479652412,4
6.778986291349961,2
6.49619009129681,2
5.675472722328851,2
4.570676344966926,2
2.953605425979176,3
2.2305292662552114,5
3.204236314283603,2
2.2091870115217875,3
3.8093930846707034,2
3.256804635903256,2
2.4006733092768986,5
1.1543403491408248,4
8.325423100770685,2
9.35354173575335,2
7.076502206271133,2
8.21609915363971,2
4.605875046325792,2
6.311588814393481,2
4.545053786355612,2
5.003870353550152,2
2.5817564573657235,3
3.3446651825319327,2
1.2277437273583107,4
7.832491675296209,2
1.7271749635221119,4
2.1031366641397247,5
0.8166331715100015,1
3.4144432125210464,2
3.107326456828704,2
0.712145540848232,1
1.9760801872438505,4
9.05978554037596,2
8.919851609389868,2
8.688812335077577,2
6.838922875268876,2
7.946977798690371,2
5.253007831719447,2
5.630954655663219,2
3.3943004303820747,2
0.8715496369781386,1
2.087352451525642,3
0.8479652995653504,1
3.177304942926779,2
1.943824998497316,4
14.1097906418962,2
12.873447894287471,2
12.19312620716752,2
9.20456758212506,2
9.852916545465627,2
7.187102444229372,2
7.852506160243728,2
5.4145621607548895,2
4.612740287891291,2
5.468534574194955,2
2.891342460232253,5
11.564492607286875,2
9.632094787514802,2
10.535697756264335,2
9.091291065849726,2
9.048908354312863,2
6.4578638998915325,2
