1.6657259609923232,4
0.0,1
2.7623959425991838,5
5.890232682221353,2
5.9262080684028495,2
4.954886271216628,2
4.561915256090357,2
2.6449233941800125,3
8.157290021667349,2
5.694152112219457,2
5.336702402932142,2
4.4853487681133934,2
0.9574211822845641,1
4.180445750583673,2
3.003388762743528,2
1.244489192515,4
5.623421305951005,2
4.889809499906688,2
4.052360869676281,2
4.082673909038057,2
0.5781610131441441,1
1.947045188721104,4
4.3195117042656985,2
2.979982001404029,5
2.7699606284665035,3
4.193517701640274,2
2.490018068248843,5
9.97307442033453,2
8.274739420160655,2
10.304295641709137,2
6.853983486918957,2
7.694134511084218,2
8.719015261974903,2
4.410705025168287,2
4.538449579777042,2
3.7726638738059997,2
1.8841430195599025,4
22.287176286558946,2
19.6990287828006,2
20.622013338906648,2
16.01812634163176,2
19.16806334445068,2
17.007347762075913,2
16.93091241060647,2
13.944410916518244,2
13.560020113525095,2
12.429592424511506,2
12.283061935729956,2
11.92165547856627,2
8.842055180959274,2
7.786121898818755,2
7.904801819014461,2
4.748363884356372,2
6.868607717954192,2
4.74237629872675,2
3.7749500590005183,2
4.793017288900812,2
1.2403933806906284,4
21.886868707609736,2
21.938543518232613,2
19.87674320314173,2
18.7441467562362,2
19.847278247880762,2
16.826486396580872,2
14.7394259089823,2
15.868597884970741,2
13.548041568758256,2
12.161015306297882,2
10.973083667945742,2
10.114268654194051,2
9.556380794084344,2
8.595002817503229,2
8.124840756742552,2
4.845679253583002,2
6.435421940338907,2
5.220964664404486,2
3.4371998982820404,2
3.548732025161273,2
0.9448456590953328,1
2.7835002613080753,3
6.992274231822308,2
6.616718730214653,2
4.541245614841586,2
5.457685556519281,2
3.8538449592649484,2
1.6811813087598804,4
10.644212292995576,2
9.037166606834573,2
7.576949460459793,2
7.186529374874102,2
6.711026145386166,2
6.434030295526995,2
3.5262040613434853,2
3.9735824327253706,2
2.3549194143961003,5
5.282508401157712,2
4.8549490918619655,2
2.721862554718203,3
2.8257921766898075,5
2.4823326545195576,3
1.3269634886437458,4
22.18493170514894,2
20.666295961665288,2
16.713836613114793,2
16.50124945382709,2
15.918576858705402,2
15.454535225265579,2
14.546301151848311,2
10.868322254517011,2
11.971968503471432,2
10.556212998245522,2
12.528213226097279,2
7.760695487720502,2
7.416699976253692,2
5.258737548418559,2
5.807836454860209,2
5.044072034987054,2
2.9215987022670205,5
9.650506838416533,2
7.571696175950338,2
5.649057594225723,2
4.3603078318579165,2
3.6077058966888087,2
2.008136366195412,3
2.577760658643648,5
4.155224833826802,2
2.6370396033030667,3
2.265462595287912,5
1.2935569516251504,4
7.999902262093599,2
5.56647316884542,2
7.104742895733992,2
3.8262383000901945,2
4.127296875986959,2
1.8211196180538267,4
6.163329718282813,2
5.486550381627184,2
7.220440748272773,2
4.322586399796588,2
2.1985607422015643,3
3.5205410514971183,2
2.96805236893872,5
1.7069415898203133,4
12.969162512482333,2
12.320767606046648,2
8.218574269352636,2
8.310278303974588,2
6.964253867996897,2
5.975848994126661,2
7.063199219614468,2
4.178792265755817,2
3.546568037217724,2
4.641930128886367,2
0.362172095767733,1
3.0242698025461374,2
2.03331225385072,3
11.859803371803086,2
11.800485985154836,2
9.986370242043249,2
7.125440063870455,2
7.369654738502754,2
4.170474795109417,2
5.679160778169162,2
4.604243090497233,2
2.4266233166430022,5
14.097487298515682,2
13.412132646961618,2
10.81825008017827,2
11.653231305656533,2
9.371040267687489,2
9.432862409174996,2
8.786502064224887,2
7.063853176235718,2
6.377698449768308,2
4.166797430281552,2
3.525577058908602,2
3.3700038798941288,2
2.2320969856119213,3
5.214676316939041,2
3.646783891434543,2
2.624030769137219,5
1.3864262902139286,4
35.751752001591356,2
34.374473441676585,2
33.3292244851192,2
32.7438728709291,2
31.77798204901329,2
31.010054763652768,2
29.61924062102563,2
30.2734531347522,2
28.009525441098692,2
27.256641303712968,2
25.291034602284444,2
23.20973279880569,2
23.95079962251807,2
22.90427429696687,2
23.593298526805906,2
21.016017517670623,2
22.08030937572193,2
20.987319613644463,2
18.204265215459746,2
18.856036348787264,2
14.934864305719408,2
14.518558731136661,2
13.374802985082205,2
13.063009400748081,2
11.565176717347901,2
12.734152609344596,2
10.526742459888418,2
7.02413209174584,2
7.757685244318899,2
5.7456477513145945,2
5.766087199004398,2
6.516449372343544,2
4.0021907538581285,2
2.3516079309364346,3
0.6545642312703122,1
2.503262298183755,5
6.590292756079677,2
8.16447503107215,2
6.804878064058328,2
5.251655044490477,2
3.7924037556517116,2
2.479115782563716,3
4.823798180600137,2
4.182903720191874,2
3.990650046146282,2
1.5063921060194252,4
10.578166946520904,2
10.279667591317738,2
8.253368514215463,2
8.414641284650607,2
7.457601314837358,2
4.097773579152502,2
4.7049311578625685,2
3.156162982550136,2
2.9872564658564933,5
12.193354694178748,2
12.068772863702335,2
10.902727840000935,2
8.283352325586254,2
9.530842749328043,2
6.4687072156996335,2
6.170521185350907,2
6.1867061498646905,2
4.189156861867512,2
4.750640289422026,2
4.5535279832519056,2
3.9049659007255655,2
1.8963403157220358,4
21.75789853620874,2
20.406991348451506,2
19.5483062201408,2
17.666251304492587,2
17.785352957226447,2
14.94159548370518,2
14.069244097395297,2
12.528198133622375,2
11.71018665061289,2
12.509756071853225,2
8.942107582267731,2
11.05136076318813,2
8.201529817421429,2
8.287915989819512,2
5.8827996981504365,2
7.497423654830017,2
4.0097733587728435,2
1.4900428256679723,4
18.349972331743675,2
16.972364244396438,2
15.717833141310962,2
15.43730157320854,2
13.974482365713456,2
11.388063709698155,2
10.68087456525708,2
12.329293052902171,2
10.748465172360046,2
8.16970989311638,2
6.45372634112252,2
7.305838994673666,2
6.081596346470143,2
5.266901107806167,2
2.3206274830217417,3
2.9797180363623754,5
4.34172908390956,2
3.4888740744015987,2
2.8457240012935334,3
1.2807676796214933,4
2.536628538680401,5
19.509802570871898,2
19.214021028752388,2
20.55346548246926,2
16.305985750625233,2
14.544226300846589,2
14.595585627971033,2
13.630234685568645,2
15.353849514031596,2
11.702834434830867,2
12.474487874714502,2
8.402110745333951,2
8.256201625394047,2
7.5599500841881975,2
8.309999569453527,2
6.3292285189489,2
4.990982528502307,2
5.957078042306284,2
3.189923564198148,2
1.53733766410074,4
21.062976303245236,2
17.862208209297453,2
17.0281768944259,2
16.4367484778788,2
15.367728150764892,2
14.172093077591345,2
13.25497063177094,2
12.202444986908365,2
12.594480238595256,2
11.463197371566482,2
9.668766845658663,2
8.895489720782074,2
6.627779067531961,2
9.055132807722924,2
6.805346745805869,2
5.472975415671563,2
3.859030783879957,2
1.8066057632310384,4
18.96243955801029,2
19.138526700791505,2
16.154397873114082,2
15.842591095585648,2
13.869628902311531,2
13.85840507109098,2
12.636353446280207,2
11.562110975414125,2
12.62373715720015,2
9.141879352741858,2
9.908199382409274,2
7.264254357727921,2
5.946140387311367,2
5.843725989600802,2
5.183101947329259,2
2.228085859587752,3
0.7948886199411267,1
4.920167799353052,2
2.9541748314081984,5
4.466266204398341,2
2.7545851965605497,3
0.3423585676493505,1
0.4871563186558403,1
3.943802635840718,2
2.96173327523963,5
4.0422272502314245,2
2.438131382406024,3
9.812883147740598,2
9.293874138700767,2
8.707074873789962,2
6.995573966608832,2
5.979677182913576,2
3.117996247216348,2
4.530471101755686,2
4.038119955038845,2
1.5348930759265165,4
8.705076532863961,2
7.842697822434026,2
7.368160050297001,2
6.947960747144505,2
5.066669373697276,2
5.187865375157748,2
4.923408883140358,2
3.4310062844629376,2
1.797069980686533,4
9.601543978749776,2
7.827049160351446,2
7.5994645955930045,2
6.707225886820553,2
5.330834845503352,2
6.546527888787504,2
4.957237028607167,2
2.0228439297148846,5
0.8401508614217525,1
3.7611245919698906,2
1.8208608603146352,4
8.785718551803754,2
8.68437567606801,2
6.266592959067527,2
6.253418158263128,2
5.69392279043293,2
6.186901255841888,2
3.6859455025360734,2
1.7453746187670045,4
9.256605429369511,2
6.871795784905897,2
6.512910522412027,2
4.5579342612004865,2
4.4132224032457295,2
3.2416581399251205,2
0.7188816592709202,1
2.9281753162920268,3
1.844669820182868,4
1.4335649871064418,4
3.578567453155276,2
4.14487637221961,2
0.0,1
1.5665644185701515,4
4.59725417815184,2
3.603579923958625,2
0.8141156981961393,1
2.438000267953808,5
6.210456745755618,2
6.2391315307333315,2
3.9865805027385006,2
3.5897840980820384,2
4.590931083670059,2
2.226736921995476,3
9.179632231138928,2
8.72336526663975,2
7.92781139517532,2
5.987309433461991,2
4.697723107877731,2
3.381011228677413,2
3.9478958499741896,2
2.6200137970982245,5
2.719122192238049,3
3.012393094712372,2
0.4846808744242506,1
1.9096889817265292,4
12.880713589264284,2
9.667464568287583,2
10.377051986250603,2
7.70597372690575,2
7.038190978058762,2
4.899263480125188,2
6.504728718866747,2
3.9077592304099826,2
2.6745695474063917,5
9.204576553396596,2
7.740576901552624,2
7.9342046726582325,2
5.881241865017224,2
7.339710152704186,2
4.226023614350079,2
2.804135350322404,3
2.5722687790134464,5
2.7384312118793868,3
2.567823060638284,5
0.26337473026236724,1
4.635749402307488,2
1.4245849940318889,4
7.478983441573197,2
6.717750730476152,2
6.435114151784563,2
3.379979589452237,2
3.1703452214211074,2
1.8957172723153508,4
6.317673601085044,2
5.8696176244771525,2
6.642175806222999,2
4.803823247617889,2
3.6267755380663553,2
4.548151622076293,2
2.3672341835902,3
2.1460608141213737,5
2.077808060741673,3
0.9372827000082982,1
3.6855102129021184,2
2.291444946931564,5
1.858845133800244,4
8.753393372766624,2
9.43349601152716,2
6.817884192074728,2
7.467260054456197,2
6.766199091133392,2
4.8850031279067565,2
3.8719729231653868,2
3.338733415721418,2
0.0,1
3.9128233492050826,2
0.9875968025283721,1
1.6916488944073789,4
10.272131047282901,2
7.012719094256152,2
5.250578538638277,2
5.386376650984022,2
4.263945399743748,2
4.997500803885952,2
1.8595227069504257,4
8.35268757878343,2
4.886966858101093,2
5.497634541060061,2
3.7125115599851033,2
3.5569144168374467,2
1.5975507326104967,4
8.47976851392756,2
7.0890620521212675,2
4.957232055486973,2
3.6200637751789264,2
5.236486623961456,2
4.399745322433778,2
0.5367966580076906,1
3.9123532333482167,2
3.554200684850554,2
1.6279237717806705,4
9.329385784588302,2
9.411983173722694,2
7.452449652701207,2
5.827173198026372,2
4.9218253475208265,2
5.350593704322253,2
4.082556480740593,2
2.750960583404085,3
11.32398164183033,2
7.887193736092348,2
7.882737592564095,2
7.16485682465145,2
6.741236436058768,2
5.317391714141842,2
4.69602779869701,2
1.9094348023829824,4
11.057032163156645,2
11.077943655075268,2
8.743120821642476,2
7.741757162026053,2
7.582543560210737,2
6.228411812966563,2
4.718833497817356,2
4.000008425128667,2
2.3013231524002085,5
8.794585684551468,2
5.897373656417665,2
6.700438303426329,2
4.746900868019859,2
4.673460268406567,2
5.474209639852786,2
3.6037747548272128,2
1.558300769266384,4
11.594884552420435,2
12.299719795237372,2
8.931976165821158,2
8.31121828462807,2
7.3341472247663555,2
8.057052123610427,2
4.8336272231939805,2
6.051966579355434,2
4.992200843057329,2
5.271098730585823,2
3.5153504018754,2
3.00827133336796,2
0.8953724970074373,1
0.0,1
4.332734273207151,2
2.7481051569197,3
2.4099427315804283,5
1.5929406851465986,4
11.576372424155087,2
10.703915403184492,2
9.362855695654359,2
7.53277978094554,2
9.546896309983897,2
4.4782803026557145,2
6.118465050783478,2
5.340081849025992,2
2.866465439872797,3
0.518533774251371,1
0.8603197108706271,1
2.9260342954799965,5
1.4343221041923269,4
8.019064349585813,2
7.007482187638162,2
7.371400223322574,2
7.046654288616942,2
4.335287341818196,2
2.531944681127586,3
9.049014915255848,2
8.135682167830614,2
6.8115895473705566,2
6.086806563785733,2
3.2684223312523546,2
1.863659263368796,4
10.120645266352762,2
7.929614719342115,2
6.523232497918655,2
7.858991928613956,2
5.636586646586755,2
7.8976567553454755,2
3.7300105480825465,2
4.5165052543123085,2
1.652537249629254,4
10.311685389234636,2
11.0231060201253,2
9.256376044004076,2
8.465408646932504,2
8.69160424949994,2
8.667825572028622,2
4.522112807757333,2
3.815281160830722,2
3.676500103580573,2
2.1693292955923944,5
14.880549058301098,2
14.761930553552224,2
11.320494145180593,2
11.049128952272103,2
10.894989424394828,2
8.307333568093375,2
7.577991894125216,2
7.592582948138642,2
6.131082495081394,2
6.363312854478557,2
1.748330768687031,4
18.505368128300955,2
15.774751713417325,2
15.752509224654913,2
15.936809740067195,2
14.846934789639963,2
11.513097178507545,2
12.706643122758967,2
9.83189291029182,2
10.033424074785486,2
9.526545020960347,2
6.798961592268263,2
5.768429730633116,2
5.178514052404719,2
2.2673088184394823,3
3.151966616614581,2
1.4738105317384274,4
5.447334698346998,2
2.8729570773428126,5
16.78698041985576,2
13.681792313328689,2
15.865983126951626,2
13.721098723065696,2
12.895047291291409,2
13.612934256111036,2
9.896297869704247,2
9.76979534189625,2
9.782782283403137,2
8.58707900333631,2
8.350283837669892,2
5.859082765153068,2
2.8154253343588884,3
3.364317042725148,2
1.6400255932208851,4
3.4927613426248207,2
1.875745956751144,4
2.8553844371236567,5
4.732575246198307,2
3.2540122184285285,2
2.8016567965837984,3
4.433808644586152,2
4.124415925113935,2
0.3879411623862917,1
1.8420910691134245,4
3.7396517993890788,2
1.5507240976579588,4
1.6945353469291236,4
0.42373191168108826,1
1.4887139842150814,4
1.3595018694121659,4
2.7085649860735623,5
6.487146393753205,2
5.559366267864988,2
2.85302589980102,3
2.702258791985021,5
4.3854890928790535,2
5.533882179073276,2
2.3337473256203065,3
1.6165275431864183,4
2.1852717733316864,5
17.962128730481613,2
15.664261769559124,2
16.0305221245557,2
14.718597649756113,2
13.893393519789164,2
13.785227115227439,2
11.914604716403069,2
10.315802828908351,2
7.946603687527323,2
8.78993889858459,2
8.816607114631513,2
7.779289303661442,2
5.83479885753208,2
4.1118179474310255,2
2.3963980228340067,3
2.273860623372925,5
2.9366119798733914,3
2.705771842950707,5
4.058173623559649,2
2.2460778873158,3
0.16758038867886227,1
3.303608434597884,2
2.5032365110962815,5
0.4652429640972673,1
5.0989688504158694,2
3.482489400491877,2
3.4042905905308505,2
2.283601412539536,3
0.6786608805212591,1
2.5144317573903123,5
3.151129143510545,2
0.16182710002059675,1
1.3671406233242211,4
8.87037213882581,2
8.149179839249157,2
5.279115186621143,2
6.2913151786742665,2
4.094293367466105,2
2.8127928722191005,3
11.079111326837987,2
8.616918902905104,2
9.262078144906047,2
8.781953956144111,2
8.691817843156505,2
3.7418096526800166,2
4.59091020224224,2
3.5177928999812416,2
0.1588339243850081,1
2.7466959770210733,5
9.216072431291199,2
12.44990408571164,2
10.637593345947966,2
9.12816287381803,2
7.385536116480843,2
6.516478009394818,2
7.139428142081255,2
5.107148083723302,2
4.3888879096092275,2
4.841532566355093,2
0.0,1
3.548047542158188,2
2.111015624704726,3
7.368097271369503,2
5.25209319011454,2
4.872982241935148,2
3.01321838141174,2
2.9251637955012297,5
5.0616638665065405,2
3.82891076309093,2
3.5014592978971177,2
1.982080480688876,4
11.094975643432571,2
10.296976022400765,2
7.740670216573537,2
8.427432625152353,2
6.282832732397014,2
4.74233759180626,2
6.698078580443437,2
4.087154116785657,2
3.613068457461337,2
3.597428321721153,2
1.6964488770469608,4
12.649743156719605,2
10.935325819826092,2
11.010765165770303,2
9.251467159925182,2
11.066290417576212,2
8.174177466048436,2
6.016851313716682,2
6.04726486035605,2
2.8512398303002535,3
17.507979026507197,2
15.557725752229409,2
15.120485904427795,2
13.043249787583056,2
12.779692621192186,2
11.12510702290988,2
11.201761373073337,2
8.957093674166051,2
10.213373314567837,2
7.275356137924361,2
7.615363256147786,2
7.364593602660518,2
3.8176937035023286,2
5.338045796005601,2
2.98550048516699,5
4.180850519522872,2
2.5759883041824208,3
2.752194777750053,5
2.8155193358028274,3
2.8989266804908813,5
2.246499422425785,3
1.2619148318365554,4
2.9127002441637684,5
3.9242010994097147,2
3.623144337987064,2
1.7082912801347578,4
4.946485817087128,2
5.356525229977574,2
2.9247291483966698,3
4.119366444563024,2
3.3507823032135478,2
0.5648214263034276,1
2.119866777151445,5
4.175760186112513,2
4.6741246064462505,2
3.586470858397953,2
1.4594390872753586,4
6.5201034743755075,2
6.103209986605261,2
5.3186745760365,2
4.619414943425934,2
2.534894462929521,3
25.603713269249692,2
23.55549909481801,2
21.57218971835033,2
19.619050492152773,2
19.22691135010832,2
20.678291772171747,2
19.844195997088253,2
17.586021371394096,2
15.344497854360215,2
14.516579438234988,2
14.780353038043794,2
13.354333422167981,2
13.575998985704725,2
10.794908937880518,2
8.598025100581259,2
8.122612449916854,2
8.928829120301009,2
8.825871242819149,2
5.673521937384435,2
5.344023147757529,2
4.293356464006684,2
1.5037012121314126,4
23.1146513941667,2
21.068104889740212,2
21.764506966628996,2
21.29425860319868,2
18.20910992933305,2
17.554613368698284,2
17.503262038207883,2
16.419224127727748,2
15.484538688471304,2
14.285451871500845,2
13.406494942625,2
10.87297234938278,2
10.034045946642571,2
11.320427832308305,2
9.73914427401238,2
8.944914018910207,2
6.249803898885943,2
6.90339618474777,2
4.1763021016056285,2
2.7715347363512435,5
14.8751754113716,2
13.039415046123713,2
12.110171018793135,2
10.967081390455334,2
10.650968774051703,2
9.847875266892233,2
10.09099779516731,2
7.35476333578842,2
6.3157135783133675,2
6.084333641880241,2
3.965902370287955,2
4.246013523785762,2
3.93746112251618,2
2.433723224527006,3
7.927221164463841,2
7.347840910035527,2
5.568292624212497,2
4.608929789925211,2
2.729069294212445,5
2.996583712694043,3
5.183003891810717,2
2.5277270213210343,5
1.923939701148132,4
5.027858902646932,2
4.3652792322112965,2
4.07912860318064,2
2.7803798248746,3
2.592519242998751,5
2.325508674043938,3
2.242841938550509,5
1.3349730115555336,4
4.427580290919941,2
5.001957656436723,2
2.6166922954157594,3
15.815047637258393,2
13.738548713065514,2
11.089527072613793,2
14.364991086334307,2
10.298254281816746,2
11.13935940423213,2
8.608302970087447,2
7.609686799932822,2
7.175610448269067,2
6.825598497274999,2
4.51449382604758,2
5.412137865121835,2
2.2649424743227358,5
4.240437535515392,2
2.5529334358691815,3
2.891895838613222,5
1.8767980718585755,4
14.044955826966946,2
12.328235028416715,2
11.473732234456316,2
9.184248717374482,2
9.380032630080182,2
8.723790861928835,2
7.360966010846197,2
8.11227235911458,2
6.49994104162078,2
3.2311863834651997,2
5.246287003929129,2
4.163819656019793,2
1.4478048477697856,4
13.36856230877468,2
15.054084280962932,2
11.483592006345804,2
11.039519694127968,2
8.561874291283122,2
8.6140691587597,2
6.660361156277486,2
7.361504673233646,2
6.6039114664271406,2
3.6793852412216346,2
2.5093921153942937,3
5.4956138836100505,2
4.106007730668581,2
3.2267790930637137,2
0.7581098539058209,1
2.955452253095724,5
1.2293053120990942,4
19.896943119251105,2
18.49188064354803,2
16.19205739172751,2
17.07130626340088,2
16.639505027441853,2
15.342514154236815,2
14.36886780815299,2
13.835517358082145,2
13.553265390907454,2
11.114335844639752,2
10.839548648303676,2
8.65446504029725,2
6.977628011618818,2
9.880819115777493,2
7.419187227579933,2
5.5725296817619885,2
6.403673636005737,2
3.559480531365085,2
2.920682154234967,3
2.68557610897061,5
3.446398135480709,2
1.1190975038652518,4
19.421731306348992,2
20.613956678188995,2
18.57275730040191,2
17.914300405760187,2
17.595590743209506,2
16.04536695050711,2
16.65276281084518,2
12.933566219912818,2
13.098056165974688,2
12.371030113309095,2
11.940986341017414,2
10.327864320616897,2
10.961953861406887,2
8.058288414306022,2
4.908371902007182,2
4.131215722762142,2
6.132381684479016,2
6.476833377876153,2
2.9453711826787345,3
3.5015577160593345,2
0.5616839018605639,1
2.1940212213278167,5
2.9939876808145534,3
3.1086408878587943,2
1.711642130499024,4
6.6362334294014325,2
4.4533742550892095,2
2.7619233076783067,5
6.764128091138841,2
6.689844906512048,2
2.901935462074933,3
1.629014304958999,4
4.961752516790632,2
3.6596562394385286,2
3.9266928569045967,2
0.0,1
2.5585361523730143,5
3.8560042632493694,2
2.824095646045976,3
2.8130538645013243,5
4.6374816970234916,2
1.0668021326069013,4
13.565627932513866,2
10.767483173977283,2
10.967971667888243,2
10.600293995276182,2
8.932495964604705,2
7.657585950642513,2
7.857634107947747,2
6.970049091982192,2
5.5848422843320975,2
4.978752168634147,2
2.817238227324142,3
0.8645737996714862,1
3.5929697908307405,2
2.8452911310884463,5
3.1664861296123026,2
1.403202568103767,4
13.021790799564712,2
13.675878449284019,2
9.321721927883722,2
10.625950157198973,2
6.987670295481014,2
8.67387326187516,2
6.799547779411958,2
4.779896514019298,2
2.76305866607498,3
1.5559683128591781,4
4.099287473521518,2
4.6742289861306086,2
3.5812601479062907,2
2.3109915223150383,5
7.2885053481831585,2
5.936486002641296,2
5.762939255477621,2
5.168885005079879,2
4.2089283810966895,2
2.987947471873328,3
8.395748499141767,2
8.002579945497276,2
7.779294614180835,2
5.128997835426959,2
4.6840059543618295,2
2.116638778929752,5
0.0,1
1.9702120952044384,4
5.105496025022262,2
5.231545227394141,2
0.3838257956631304,1
4.767343438446684,2
3.4609910509036004,2
2.4272490764121724,3
3.0268843508710352,2
3.149091196287213,2
0.7912968370041497,1
1.9851435856058504,4
2.5911650176896406,5
9.020004860008374,2
9.413776923475853,2
5.82025407222628,2
5.454751799638686,2
4.9433482386876255,2
4.293886935624792,2
3.959582008198121,2
1.3027844461867446,4
9.431723345728114,2
9.463829094739728,2
8.195722060655955,2
5.885182384495435,2
8.006126394621392,2
5.6594853937268494,2
2.168115250663625,3
8.90119875530776,2
9.021664005514566,2
7.422243097516957,2
5.604543100274822,2
5.354751960018714,2
2.690256705199352,5
7.2768282606792285,2
7.279450895261117,2
6.7425099434671925,2
6.1194591963749145,2
4.4511630240566555,2
2.1653786653781832,3
4.157992161199437,2
4.002402900650131,2
4.228789805213136,2
1.3940496017546409,4
4.8264854067563165,2
5.258566434561512,2
3.3654854270878163,2
2.2764973728248767,5
7.750277138358879,2
5.894264844039494,2
5.451435476447222,2
3.4207557461437026,2
4.508788391941272,2
0.0,1
2.545825262612506,3
1.843576689414264,4
3.106128865542242,2
2.736391691593796,5
8.02212901400551,2
4.372674849920443,2
3.9227075055269887,2
2.8232117035649145,3
2.9203574791498186,5
2.87049878351192,3
2.370950755718796,5
3.4218350817993635,2
3.6547514355933064,2
0.6247030499910726,1
3.5398782532439284,2
1.9199300957914431,4
21.10895230040102,2
19.64729242663239,2
19.978503932324536,2
17.775336805037092,2
17.566331273229572,2
16.627310920649897,2
16.20678434916597,2
14.899968693196275,2
13.450741404976995,2
12.050534739787484,2
10.839070914855732,2
8.056050709812856,2
8.593411035671203,2
8.40612046439742,2
5.747290055903405,2
5.2754473914466695,2
5.320621761619738,2
4.794640586775418,2
1.689195700421029,4
21.679868099447237,2
19.348215798313888,2
18.57190228655321,2
16.654744359449502,2
15.335377447153316,2
12.513951774828662,2
15.307225200858591,2
13.273137774972612,2
11.649598483521908,2
12.134420138482358,2
9.77928107922125,2
9.752601205477502,2
7.921000008192081,2
6.3285823058036375,2
7.063116775536393,2
6.087317462421584,2
5.046824097139421,2
3.062405924487676,2
2.6611857254938722,3
2.6908160526616745,5
4.6268470434062685,2
2.610884699569344,3
1.0016431058589983,4
16.49925676769225,2
13.197542784036715,2
16.187218996228502,2
12.600032591407206,2
12.544723470964033,2
11.545226593648048,2
10.802997133707917,2
11.341455804864117,2
7.2354564833635315,2
6.113847845290012,2
5.132289574000943,2
5.335805542616658,2
3.7240661659821783,2
1.3544779886301734,4
14.090462690227131,2
13.557870088902547,2
10.624639862913314,2
12.499306425024875,2
11.508587310447064,2
7.425077286152531,2
7.733351664921951,2
4.9230751225573455,2
6.109982237862647,2
5.5424948214079945,2
4.5553983336706345,2
2.9057173614548386,5
4.615297516207969,2
0.0,1
1.9291004116047892,4
12.989266481692415,2
11.791797149593402,2
11.059049492385832,2
10.543586864753408,2
7.156897721602862,2
7.7068174496514175,2
8.357929140204224,2
4.5416173867632565,2
4.923035335746804,2
4.041301838164896,2
1.821400452412244,4
12.64604853941005,2
12.166028632496726,2
11.812162174958685,2
11.17653018323743,2
9.679002547544377,2
9.28231773912182,2
6.239487505889505,2
6.063793152914151,2
4.9990066106016045,2
4.012280386443349,2
1.891098195844449,4
14.08512696733338,2
12.299162958173163,2
12.537511206443249,2
11.178053140886641,2
8.048696557217962,2
6.696069372603716,2
7.108884294450141,2
6.282825378050593,2
5.548298405636333,2
3.7866886373191626,2
1.762240134520829,4
12.070194120600993,2
12.650221570736965,2
10.243990703464133,2
11.440957959793847,2
7.88132661380866,2
7.8251668255505695,2
7.9843082935454035,2
7.274111011223212,2
6.533104492791468,2
4.009575766165674,2
3.1424103931800857,2
0.4481713049626912,1
2.875486581810504,3
1.6130745037346337,4
13.465308698352173,2
13.070382863482589,2
11.55090024946736,2
10.087568584735939,2
8.312155630049736,2
8.541233958911477,2
7.935592458565132,2
7.222049318000263,2
5.977785035597619,2
6.126700082477432,2
3.7482167697448907,2
2.2443680114827633,5
4.13381506039185,2
3.823777435205508,2
1.5373701958004289,4
3.3987425206466604,2
3.66356055114748,2
1.9487550849705737,4
3.938162472605837,2
3.2207691052150027,2
1.8738678295413207,4
4.816048988983495,2
4.426914632895404,2
2.85326616919738,3
12.86101191802618,2
13.300632576281785,2
12.123535678875136,2
12.57060608063208,2
10.33260571388301,2
9.817934011339448,2
6.576556531856508,2
7.2635907024235715,2
5.466543472718076,2
5.3850707110187575,2
4.965148356046692,2
4.26447785157529,2
2.1454976662732204,5
0.7748270628936416,1
1.4056810218542173,4
8.149395205956202,2
6.658303459344233,2
6.106796755999676,2
3.765918961092929,2
3.2072715617817105,2
2.376595612473143,3
2.8798712463730802,5
3.0734536353416035,2
0.0,1
3.1650490123672625,2
0.931090119986741,1
4.337226315556825,2
3.1049861676361044,2
0.018795629147365208,1
2.9754544821322866,3
6.114291294892805,2
5.681790483774378,2
5.357962705413547,2
4.526320296937121,2
3.737225773458929,2
2.3996069531119915,5
8.732464793272987,2
6.880216551992325,2
4.928891346377065,2
5.8697383926041695,2
5.256225511225674,2
2.673124605358438,3
8.108625357243817,2
9.919906055155582,2
8.161046312746956,2
4.4110166767950805,2
5.17102378033458,2
3.094977188263786,2
2.240521884029919,5
6.832886714065468,2
4.810031145351151,2
2.4154298830126537,3
15.371312069928393,2
14.954340773901745,2
12.536737618899224,2
12.891778332548895,2
12.87911954252064,2
9.555679080429442,2
6.1728203774181365,2
9.537431379324406,2
4.926032957636913,2
6.322291449936558,2
5.26556831228677,2
3.5852024797757704,2
3.152299152100317,2
2.285095627080162,5
8.663852895142451,2
7.890199150256,2
4.5683591828838885,2
4.545413709377138,2
4.281623207068392,2
3.0698511909333344,2
0.0,1
3.1530770904186562,2
3.822792404353112,2
0.0,1
0.7711193584669858,1
3.198442508674204,2
1.0979940833184445,4
11.1609675045193,2
10.07011650858828,2
8.213650366520051,2
8.766350480420451,2
8.284291875316802,2
7.480001473216956,2
5.5583107774308464,2
4.286857412330135,2
2.8330228279445486,3
11.209601465447626,2
9.245765871672836,2
5.700750318858222,2
5.607180319513044,2
5.4195193176778895,2
5.394331323773847,2
2.797166913209976,5
15.235776654809664,2
14.304983788845465,2
12.731937729202912,2
12.294953063412207,2
11.693016142816989,2
8.952431107660127,2
9.944305185815017,2
9.104932033926604,2
6.11370346057309,2
4.027163864039234,2
5.0012615269986345,2
3.7716539345971745,2
1.6118704021081611,4
16.16402702348137,2
14.901466299500706,2
13.072102708310373,2
11.64484792750859,2
11.288373551295395,2
11.473214587502904,2
11.070342340427208,2
9.150693338763176,2
9.883649038764377,2
5.92568647159592,2
6.2428758588844895,2
4.176550379470672,2
4.421555512156903,2
2.0643174998819216,3
9.456828862123826,2
6.234244310407502,2
6.569344192849412,2
5.683386294931072,2
4.573159276252536,2
3.823602889189827,2
2.1325478309358314,5
7.737982638013904,2
10.150786959878626,2
6.825974905004904,2
6.8902151189661485,2
3.5622085967513515,2
3.0045636987573268,2
1.6060355817245329,4
9.441792786037674,2
7.992873188181273,2
7.2514195081552195,2
7.0371737064260085,2
4.8883978001552775,2
4.0717536900069735,2
4.454384422314959,2
5.1704992533538245,2
2.876168199093331,3
4.597834973348546,2
2.5882639675715633,5
10.488933552351526,2
7.704019047490928,2
8.859473176569237,2
9.000336704095872,2
4.656160375982617,2
4.432659517843125,2
2.8781957835742564,3
1.616704402015157,4
7.961626567601629,2
7.917715313229903,2
4.821869242344318,2
5.907454053555244,2
3.4229033534409936,2
1.4447767318436893,4
7.399883126876678,2
5.7854320868250015,2
3.3751830018365965,2
3.711972713405976,2
2.038701601050372,5
3.526382146785193,2
5.127546315173051,2
2.139242264173792,3
7.013913535778527,2
5.0643333365157375,2
4.824652295869142,2
5.647283869622191,2
2.6271719526975703,5
7.033176834779475,2
5.179483012917441,2
4.8285147973183165,2
3.1676230062898028,2
1.680300087446823,4
6.05071298268813,2
5.537474254381402,2
4.482068432479767,2
3.0306843885673733,2
2.3689347545196364,3
15.18352429920002,2
17.48669027486029,2
14.568380611518107,2
14.063600504863455,2
13.320840128337602,2
12.096314474659163,2
9.376540093170297,2
10.765361340054927,2
8.977706187539843,2
8.924883186571828,2
6.6395890384178,2
6.486420806249264,2
5.244309214030643,2
3.740956646207028,2
3.278738437193446,2
2.980684449746134,5
5.047903260731054,2
3.163494707972756,2
3.7217969812254665,2
2.7163773696146505,3
9.304883044116679,2
9.393349933341648,2
6.078453407214509,2
7.319278017177316,2
4.666526658423593,2
4.998137643008124,2
5.104031473426918,2
2.0273214819879697,5
12.367920810861705,2
13.97414132065275,2
7.677485353892673,2
9.34278665492758,2
7.135242797212941,2
7.852289610562493,2
6.874777695129532,2
7.042518435903492,2
3.4094254330300133,2
3.202071094806891,2
2.9080726696198385,3
2.3702050842547617,5
1.9307306000237052,4
20.207856305870727,2
18.609737289673603,2
16.52932137269238,2
16.281814952774383,2
15.85401436815109,2
14.40016532464399,2
13.183104063562482,2
10.928748714050892,2
9.413084078471716,2
11.08263016727796,2
11.157994974956386,2
6.180207698863658,2
7.219462575633428,2
3.6411176439262434,2
2.4605169246940966,3
1.9586504888412248,4
4.560641268204803,2
0.3549050413278556,1
1.3436495905663708,4
3.2804886184729427,2
3.549059491779312,2
0.2738466810470341,1
3.0290020405970663,2
1.4745359242731932,4
5.326014168224585,2
3.6792304177246287,2
2.493433368065931,5
18.075161525687843,2
14.656144581902936,2
14.997303158343033,2
14.122454236749887,2
12.077475432366937,2
12.791837221347194,2
11.300501248386226,2
10.133408940948136,2
10.537777701399673,2
7.881453156908709,2
4.935976586739413,2
5.1719227904128715,2
5.990823932059258,2
4.462032948398788,2
4.0103573802704435,2
1.7525394626563715,4
20.973577155703204,2
18.664168163680404,2
18.904701966882588,2
17.234468014009632,2
15.970885990615301,2
15.22772812856742,2
14.079124418073391,2
14.04890247802334,2
12.246677102211196,2
10.389786113162364,2
11.943330366613033,2
8.92031741782884,2
8.774513292918268,2
5.358903529275263,2
5.2740339094557385,2
5.545616455527441,2
3.816901008320005,2
1.5340576749081112,4
20.277882147400266,2
17.4141245247781,2
16.65372264828086,2
14.669959495724013,2
15.719957930519199,2
14.230415840593652,2
11.678316160760907,2
11.01638721167105,2
11.226473355988713,2
9.736545928818497,2
10.132046563892324,2
8.702872583498056,2
7.369125737957258,2
6.094328107880143,2
3.9431031346607055,2
4.132747971173896,2
3.630065383383581,2
1.9913100515975275,4
18.577098734876078,2
17.711306366882532,2
17.286211269594716,2
16.807418290715457,2
14.648503082044856,2
14.480428738248104,2
14.851260233177259,2
14.543233443328527,2
11.945592130817882,2
11.706002480347875,2
11.196552926791494,2
8.520495327475253,2
8.157220085932847,2
5.728490755798052,2
8.210352695906677,2
5.076555031657013,2
4.249556258393204,2
2.2280000617376783,3
1.7339815652232322,4
1.9225593675792747,4
1.3366525931350075,4
3.773359128439436,2
0.3066042846275581,1
3.709769120088256,2
3.5917639140911684,2
0.0,1
2.0460960288333205,5
8.063877874857566,2
7.199417869836159,2
4.350221036970168,2
7.496563921092513,2
5.733700717633678,2
5.033462478738572,2
2.3048822163821017,3
2.729222268810894,5
2.9190763532240043,3
3.3146271026230982,2
1.6506560673354085,4
12.561690457328663,2
12.855406031496704,2
12.281836427787757,2
8.335945700533562,2
9.126252587124828,2
9.079274141285033,2
6.930887614311611,2
6.257931768119898,2
5.15851711475118,2
2.9281036651795347,5
9.040457883547075,2
7.584556487916254,2
7.709287069081713,2
2.8921758110035216,3
16.846780344429284,2
17.604996101113283,2
14.856223008791735,2
14.269858465358435,2
14.81841073774472,2
13.714573955540107,2
11.404179346923886,2
12.14313123956613,2
10.962750985598523,2
7.585159898597343,2
7.5687257687791165,2
5.501551611537873,2
8.200036912996199,2
1.829558097112586,4
15.198823268798964,2
13.460443453020384,2
12.30968725252165,2
13.369192010078594,2
11.826999336654374,2
11.97697442418175,2
9.71664974956593,2
9.042049794120732,2
6.437104463136756,2
5.851790504279124,2
4.185501074524094,2
3.937748941238576,2
0.9768704926046868,1
4.743091893557642,2
1.7790808711829307,4
17.330146909422588,2
14.615673813295007,2
14.763089754018193,2
14.826896249192894,2
11.877832240951603,2
13.476097657320125,2
12.051057042429116,2
10.309428514041604,2
9.11227914815195,2
7.997565520215533,2
8.193237765230124,2
5.861073769561535,2
6.292670539270421,2
4.540514972593659,2
3.8599687049027502,2
3.0671882309947343,2
1.7758205912036789,4
19.552196960177078,2
16.353632601977417,2
18.33408161719581,2
16.499669070360518,2
15.674385384639942,2
12.513445172465053,2
13.150097609369555,2
14.138706095621394,2
11.758991512375527,2
9.866688481917052,2
9.466083325103934,2
7.993082527570873,2
6.301215701167398,2
6.0801557901359535,2
5.963729553262615,2
4.884387242159635,2
2.5633080847810934,5
7.967859055270238,2
5.659924684384157,2
5.064483401428454,2
3.714441585953309,2
5.587414228653686,2
2.1556316205099932,3
2.3953545233709685,5
0.5191815746527666,1
3.7920682979684632,2
3.2729194262473227,2
0.5273974352290234,1
2.733143925152556,3
2.371252473123348,5
1.5131912459492451,4
11.204077372930103,2
10.640437320805773,2
8.344609924940379,2
7.957862786707798,2
8.35715028380906,2
4.874043071989874,2
5.551714687609991,2
5.018283937016856,2
2.521465816893394,3
2.461213916243388,5
1.8405427889704336,4
9.2022062215165,2
8.108535107783819,2
6.468456754756915,2
7.048698265884963,2
5.339996524643959,2
7.419264643458537,2
5.313116380187453,2
3.987342298039561,2
1.5822852630837767,4
10.159239752903408,2
11.069843610864234,2
8.101803528706776,2
6.89904404644995,2
7.065394013053522,2
6.768521467186162,2
4.990633482125585,2
5.511179122947303,2
3.5292825827228147,2
4.008388201683659,2
1.9709733052325904,4
10.445811423076957,2
10.261015395325037,2
8.992905098625892,2
7.324278869758299,2
6.122818323349531,2
6.813493932015224,2
6.885303314705894,2
7.1428167094833634,2
4.390835092246893,2
2.7565418149624925,3
5.502421603086014,2
6.185948621595967,2
4.9278586784577385,2
4.166041833091782,2
0.9265209989123891,1
5.256432881456487,2
1.9525997860375697,4
8.274379840607253,2
5.789465213655679,2
5.56157808539313,2
5.342656367662979,2
2.7655940239230694,5
8.715210364884253,2
8.794775265314987,2
6.488945599870457,2
6.154670146428251,2
7.2753131133622775,2
3.6123422944215,2
4.41721410588925,2
3.4658226844582267,2
3.0603473944898525,2
0.3939209588511414,1
1.7398724348723993,4
12.265692780534966,2
8.911051876901224,2
8.016562775676691,2
7.6725662918072315,2
7.097905708795536,2
5.4719190353773,2
5.660152242353406,2
6.079227194061215,2
1.804582738173771,4
9.75537736589859,2
8.252804582797973,2
9.229289495225911,2
7.933059802597513,2
4.905502767027947,2
5.003246725391096,2
4.374675401696553,2
5.002156199043698,2
1.2895762737928067,4
10.849854168748053,2
10.804048219953835,2
9.829511459496743,2
8.100960070436468,2
6.355667413140275,2
6.355625134663191,2
5.043186839876332,2
4.4459430206107164,2
3.219050942511685,2
1.6970204232064223,4
12.045113817196428,2
8.543634572867138,2
10.190760495102797,2
7.565262541197969,2
7.840204402763903,2
5.0230862281863375,2
3.5686614224359454,2
4.995171691325371,2
2.3572527951723368,3
0.4370660918885756,1
2.0554370247929525,5
1.3804192189200606,4
8.306037569904452,2
3.648001908976098,2
6.691204279822372,2
5.6520615338794125,2
3.4574001465010644,2
1.0946469871282978,4
8.485080155939418,2
7.3707485075390435,2
5.8636286513476055,2
3.1313988109238267,2
4.810815050610667,2
2.480616583166164,3
1.9251560785546733,4
4.692169009334383,2
2.5190883651788702,5
6.572551408927617,2
7.363039550097074,2
7.318311263581928,2
5.873862813687707,2
3.079152770922846,2
1.4795393314620249,4
8.852473851837715,2
6.6784988918525965,2
4.537494099200451,2
5.466924120993433,2
3.2835781666112407,2
3.4230297772138196,2
2.484485329291376,3
3.115942599165275,2
3.6250169997681914,2
1.196322382835036,4
12.022087147552595,2
10.35402011782119,2
8.139727722663231,2
6.179627974530377,2
8.752212024000443,2
6.027470169026286,2
5.836529587007897,2
4.075159401155654,2
1.7238655376530396,4
8.944094892133512,2
4.909273060574161,2
7.7343837648309455,2
6.926751264876832,2
5.265067398100809,2
5.258562015734522,2
2.1237483113063456,5
3.573190850897108,2
1.028848953867002,4
9.894784407746013,2
8.965653449832274,2
8.122918451079537,2
6.164497644024211,2
5.350462521587191,2
4.7473358276678885,2
5.183656917198368,2
2.88749192336184,3
8.62283991408635,2
7.036160085280037,2
6.510597074361503,2
7.222104861311193,2
4.881013780663006,2
5.041983091518484,2
3.3570534292659593,2
0.7866748507284373,1
3.5233303398567686,2
1.0522489029388948,4
12.456184022137904,2
10.860014091598806,2
8.40112845232693,2
8.399121631998634,2
9.89005729922553,2
7.506729211657634,2
8.196412860256295,2
4.396769210094181,2
2.69606548181297,5
8.591149671564924,2
6.575948281493564,2
6.261661110887517,2
5.05525094427757,2
3.6627624869477033,2
4.183644638060125,2
0.7497303932961263,1
1.8771916757056464,4
7.9099722493589875,2
9.221429614953443,2
5.0226843634358085,2
5.199805617203702,2
3.270472522008673,2
3.728766997464639,2
2.0555790625898682,3
9.53283547383367,2
10.931889486756544,2
8.126277597203881,2
6.745388613568824,2
4.600559343891903,2
4.672348052813579,2
3.8088468179100503,2
3.9878126294316623,2
2.004787769501343,5
2.5258832820698256,3
2.2945323111660505,5
2.7180243177373096,3
3.0869435816025685,2
2.5306621434693093,5
3.0497506893546897,2
3.0882406580607955,2
2.1432612501161383,3
0.8256168697320515,1
1.4572999885685745,4
4.200526853526214,2
3.326042306246439,2
1.0352159152965752,4
3.794951275496076,2
2.981351993105592,5
10.890336026182865,2
8.14885864394258,2
9.048715578380016,2
5.752915022975253,2
6.5279266193627015,2
5.425181770511045,2
4.705935337835066,2
3.964990476424274,2
1.853152219701355,4
18.768963408907172,2
17.463550001018213,2
16.284785230277915,2
15.429324263579092,2
15.220106004529445,2
14.721038258795808,2
13.741846039821795,2
13.876314990218209,2
10.316999702557142,2
9.18849353402148,2
7.921024403085354,2
8.808150067279234,2
7.3120737318955396,2
7.782476189537343,2
5.395331719473531,2
4.839310919069118,2
3.9828988535091967,2
3.613999820411975,2
0.1775955350756725,1
1.6317122625177818,4
20.46143886834991,2
19.204171080935584,2
17.817825248989614,2
16.01288403839594,2
15.139544050087707,2
14.273164499361124,2
14.336473489739593,2
12.809482701438663,2
11.154258529132504,2
11.593130491167868,2
9.861819301906786,2
7.769083786580065,2
8.058142118356718,2
6.899388556106866,2
7.2196521368467845,2
6.222115617878917,2
3.2974366684456604,2
1.8220640493551727,4
19.912982198821467,2
19.409550216406753,2
16.38191678381562,2
17.235189379411267,2
14.771328213699196,2
14.586741914820983,2
13.394072815917488,2
14.227350867275113,2
12.549949514707565,2
11.677014280035038,2
8.897010331045843,2
8.25739727300437,2
6.108583905777961,2
5.920819600698493,2
6.1334417595822845,2
3.649426723797155,2
2.582963569600893,3
0.6407568783033609,1
1.5079577509450204,4
1.3995805264463068,4
2.4989649370929565,5
3.1226525804918226,2
2.379678847576726,3
10.546006134665932,2
9.195836086100732,2
8.38105138000439,2
6.741459948518332,2
7.181640067061058,2
5.705096249132207,2
4.05500240640378,2
2.1903909693142234,5
0.10875797268573197,1
3.1379610169893954,2
1.0902702777155056,4
9.115993145208213,2
5.917019603834582,2
5.546069169662792,2
4.694819261275494,2
4.13992782227802,2
4.666808046077245,2
2.7612162279788066,3
8.160997537236259,2
8.50583967577029,2
6.571569043091045,2
4.951684972433813,2
5.141507337567553,2
5.475349958347994,2
3.6755155305383966,2
1.8561144694749592,4
14.196696705689721,2
11.15834078517998,2
10.05594530985358,2
9.920748045127283,2
8.72701464696267,2
5.75942743602238,2
7.284801971090015,2
3.8260926683424135,2
3.049199602034403,2
2.9451069978587388,5
8.998655177284569,2
6.549095875010395,2
3.738307393249945,2
6.042391379200053,2
4.013517599237827,2
1.2612634668712794,4
11.833102755353663,2
10.317555030751542,2
6.14412906661304,2
9.142924979912461,2
6.454557344130935,2
4.261818827280029,2
4.174557628649003,2
5.227141132092903,2
1.2604861892308878,4
11.208240707779906,2
9.618074915691407,2
8.986367776336694,2
8.13014916401161,2
6.134556368896855,2
6.069517930099645,2
5.113418346464165,2
4.268755178090556,2
3.3186971516879016,2
0.3104568109115464,1
4.904809551206007,2
0.9727336292735758,1
2.9561286541218084,3
0.4133483643445026,1
1.9536474964592647,4
4.27831604999108,2
4.416906343260502,2
2.7934123627217944,5
3.2581588103492063,2
2.2741221166118715,3
0.0,1
3.3028445694463957,2
2.9159840355837816,5
3.0275850600798453,2
1.1879457925728805,4
6.420498665391732,2
6.295629188701669,2
3.784357727728776,2
0.16714551047399273,1
2.9068320144582547,3
5.449983021557302,2
3.38810251767714,2
1.0897132254812332,4
4.413042995644264,2
5.049391003559927,2
2.336175245340672,5
2.7319683452292614,3
0.35877008423211754,1
4.4671051025044655,2
1.6068223698661923,4
4.608279236766537,2
3.5370563570401043,2
0.3305710540257893,1
3.06152155945697,2
2.1879359001784944,5
2.6401148755679973,3
1.821847694747099,4
4.620773354617735,2
4.270990510824898,2
3.0952906514771734,2
2.198976776170181,5
1.772320558793879,4
3.9121680591431303,2
1.979586425842052,4
4.5014134826013255,2
2.2942998910665304,3
0.24738314452369534,1
3.9637574533423128,2
2.3949861203369407,5
3.7167390512650953,2
1.9538790315990573,4
3.573383721865349,2
4.2616940492535385,2
1.8530917116500232,4
3.1066751915437045,2
2.1097932117988107,3
0.2993150054426288,1
3.4717451577355067,2
2.162797126164003,5
3.8190155234988734,2
2.6916114459658718,3
0.0,1
0.13599211195299032,1
3.5080832811457663,2
0.0,1
1.7599499530426248,4
1.721694360758645,4
1.5120866984417696,4
2.323756610348156,5
4.080745179276009,2
3.719816583030666,2
3.078222985604371,2
1.3225981819668688,4
10.12370968317436,2
9.347219530577007,2
8.900902561387435,2
6.294401387996437,2
5.315829359093478,2
5.111942447908137,2
4.05367866033202,2
3.3963160853443126,2
1.1112479828566126,4
8.007722315321491,2
10.10765393658793,2
6.577169025713083,2
5.030110630981072,2
4.998699811891951,2
5.033279103436289,2
2.1993562663307147,3
5.054358805794247,2
2.6361431125695267,5
2.279553634698822,3
3.009101526541948,2
3.2110378577749037,2
2.199741406619922,5
2.2079712448440763,3
0.5169308128157775,1
2.1761270481829285,5
3.2726768840094267,2
1.3810556878559637,4
7.1243947721073,2
8.804914867590675,2
5.1072177549776985,2
5.803365458071193,2
4.408359488309735,2
4.537842886816838,2
2.525274118454928,3
8.707633240129367,2
8.54681681243091,2
9.19785526695756,2
8.588253260117801,2
6.278762197239776,2
5.121917012075755,2
3.2799266421368847,2
2.1750507624158333,5
13.3282375211042,2
12.680578849815767,2
12.188783426236842,2
10.192914648248808,2
10.645694899475878,2
8.476104337272412,2
7.901211253745519,2
7.759221646653093,2
5.326572626346394,2
4.591048180099515,2
3.7310743874804815,2
3.1638717743813243,2
1.9455333791884524,4
20.85738178132074,2
18.1791981779788,2
16.726038985053915,2
16.238846155591293,2
16.07012681379427,2
14.038488750114649,2
14.319307354708366,2
13.981916057822035,2
12.047275849380926,2
10.837718583365849,2
8.973424111234651,2
8.842822278734898,2
8.581640444302922,2
8.82562988537564,2
5.43988107693907,2
5.277180150061546,2
3.173956040465871,2
4.0846067109303945,2
2.0470383086923007,3
7.7866394126335585,2
8.334658693595523,2
6.862950926612389,2
6.869150639583001,2
3.4103919918618715,2
5.177051245004165,2
3.0205447899443785,2
2.9187502211258365,5
2.792278959441907,3
3.4882987076968925,2
0.4000434643935873,1
2.8960311005243997,5
4.21841078220773,2
0.905735182393988,1
1.1835334907798905,4
9.341732420288693,2
8.358856947443433,2
6.822518847966756,2
6.205818472749872,2
4.753661718447521,2
4.3779750414210135,2
4.381709385464985,2
2.616709767725951,3
10.375120423151225,2
9.950718046733902,2
7.635816869019649,2
8.140934385499076,2
5.824770504901307,2
4.569583437947099,2
5.690862002914832,2
3.807565540914005,2
1.7807915365362323,4
11.814471530579887,2
10.660044518208249,2
9.832135935768905,2
10.996953819263362,2
5.8636232967144695,2
6.491255707153474,2
6.366274549676211,2
5.870771098949407,2
2.576006497359564,5
7.5960161229093615,2
7.079674686680492,2
7.1591729466192655,2
5.034714427819423,2
5.305383255013017,2
5.487469575903153,2
1.6857483891493608,4
7.942784722093098,2
6.353523252985778,2
8.210332190924706,2
4.520847399977535,2
2.7199081687995563,3
10.618271295075676,2
9.059046666201768,2
7.071538703642869,2
6.663013431145655,2
6.3082060016156385,2
4.724698601476763,2
5.376806542570983,2
4.3654260801944735,2
1.5249132526563791,4
9.988788513629316,2
12.994903290630988,2
10.690374669761274,2
9.34494684480024,2
8.66544095041193,2
7.971720763692359,2
4.787027095162019,2
5.7826615604791805,2
2.0964121014130326,5
6.125453387941559,2
5.894270579691888,2
4.101318536936802,2
4.050346262553122,2
1.691081271697861,4
5.696169989382085,2
7.267741581797794,2
5.924165963565312,2
7.543635918055657,2
2.7116766587495027,3
10.323156487706338,2
10.085997301774162,2
8.687425543615749,2
6.783611075915678,2
5.5150185503612885,2
6.79099291513859,2
3.9987131163471306,2
2.457917707687681,5
15.692848164115153,2
14.215461471280602,2
13.76142539335412,2
11.687950837090385,2
11.80106338103363,2
9.062421686401283,2
10.734791060605904,2
9.140560726046408,2
8.714965417651833,2
5.249064091381652,2
5.42105440082178,2
5.531169604669875,2
2.3215473290538085,3
2.5439349164298384,5
5.338385277514723,2
4.2653873887573175,2
0.6734378130424707,1
2.4959962894828815,3
3.3835751700668038,2
1.7764184791436757,4
6.0343718363547945,2
1.7009592376144822,4
3.4782843492385096,2
2.550233155285288,5
14.817611162785695,2
13.20658751401237,2
11.771576390206793,2
9.300981187377797,2
7.816488909988575,2
9.891826345282183,2
6.319255968601129,2
4.888139728603574,2
4.689742040623346,2
3.148758895005357,2
3.336402249488529,2
1.351866343931304,4
19.275284950297785,2
18.643042554511872,2
16.35016115455775,2
15.64959891711455,2
15.84673509237082,2
13.425908000857682,2
12.045399427775855,2
14.502847980411484,2
12.300632092926426,2
10.697768873293724,2
8.888170765354602,2
7.501055629725813,2
5.8018287935570925,2
5.728007822620895,2
3.959389187141777,2
7.0984841022925576,2
3.1113884762107515,2
1.4120140781456794,4
18.52189084058307,2
16.755022448335204,2
17.16038566431115,2
14.812247314555252,2
14.206734856297574,2
12.495517552923774,2
14.157207899156857,2
9.982737683239533,2
11.183037364204733,2
10.30414499995824,2
9.9918586153611,2
6.6145030537391625,2
8.10790185726879,2
6.799227096442919,2
6.110148116960313,2
3.89542810056646,2
2.2136722961636783,3
1.9136513124010537,4
19.784778156934408,2
20.03527053739625,2
18.787987112472983,2
17.014561548846093,2
16.980334731220655,2
14.149458790854778,2
12.780447626294539,2
13.996338499872527,2
12.775503890619312,2
12.487225122220087,2
10.734672617684843,2
7.721076425759327,2
7.239322709041289,2
7.626017145805005,2
5.7163717482236684,2
5.824784654015874,2
3.2737783429887326,2
3.450261519771824,2
3.1441266684833256,2
1.429027499734462,4
21.727261142657547,2
20.242971364860527,2
17.62638785483752,2
18.513457347875022,2
17.23380921704556,2
16.198121647087053,2
16.480607222303053,2
14.25081343907264,2
11.596957157021992,2
10.976545624210043,2
10.051015998955595,2
7.101877382506029,2
9.262916235126776,2
7.3058633116942975,2
8.399975181239803,2
5.965838501553397,2
3.573190336068588,2
3.8951917311774418,2
1.0655309069626,4
17.91411967114812,2
19.099535986116905,2
17.47943660546319,2
16.589957537668614,2
12.975848343989561,2
14.078191862305722,2
12.799543980604815,2
12.231600047623914,2
9.8118885062373,2
10.13694359807698,2
10.912093192274153,2
7.668239857248879,2
8.50511838332203,2
4.612911405170557,2
6.452270711428561,2
2.5472923258042446,5
7.791875878001928,2
7.3579879517679965,2
6.2661923574519465,2
5.717422124650552,2
4.590978399422119,2
2.6111218870512154,3
2.6177956711715367,5
4.249638711836979,2
0.8434475125053551,1
4.011833268695627,2
1.677482690828107,4
5.910996425189148,2
7.5110883939235675,2
5.706240046501272,2
5.240170494234472,2
2.4235744841421516,3
6.645660336371567,2
4.9379006753419885,2
5.4521182341478704,2
3.029041101379665,2
1.930205889995648,4
7.943958031593138,2
6.700218683658212,2
3.7018882714847607,2
4.872057035748911,2
1.9011711259346942,4
7.693414318610988,2
3.675122730800097,2
3.050277838232136,2
3.3868857120566846,2
2.2247104281814902,5
13.51548264538336,2
12.129822449192545,2
11.396050382854801,2
9.865265861455306,2
10.088635987149267,2
7.454512385916726,2
5.8063591470332225,2
6.132525381385384,2
4.770091889122778,2
4.224194732400664,2
2.380645359942548,3
5.01238298957187,2
6.372874588518245,2
3.788290447077701,2
2.5210184173585737,5
11.329146188683778,2
11.553893203675358,2
6.9718952083302135,2
6.2749641394605185,2
4.8601990785759135,2
6.677400535592954,2
4.771572013103632,2
4.670183476598979,2
2.9709060952902435,3
5.9385781349637,2
5.1814415640556994,2
1.284225327713059,4
12.732243597392507,2
14.014331634480195,2
9.393859373040096,2
10.172787863821766,2
9.431793760916019,2
7.718375248874115,2
5.413381496319108,2
5.531396001245015,2
4.407615599178037,2
4.146338726793247,2
3.572640285874135,2
0.6059561326349763,1
1.6755705094298805,4
13.946490587451233,2
13.58862700167167,2
9.668265720383738,2
9.64209630586058,2
8.75213116623828,2
9.461592545072623,2
6.480927418501237,2
5.929816995328264,2
4.505325660749686,2
4.217218648705739,2
3.4922357733051967,2
2.3722673285491402,5
2.9457466542353683,3
1.2374841857288383,4
13.82392543364752,2
13.169540242228043,2
11.913036323163855,2
9.815454997627944,2
9.624745471437633,2
9.205540973214712,2
6.257291995486544,2
9.17209967452636,2
6.020212272859296,2
3.4034486446869647,2
2.5690756872479104,5
6.7085351617687365,2
8.157963713741715,2
6.253637398183849,2
4.781806725651967,2
3.6442029555799067,2
3.326929901943596,2
0.6225059085738118,1
4.111088738006384,2
0.0,1
2.8554452578034546,3
7.899392088238662,2
8.029903229747894,2
5.485309134777787,2
6.297246902037741,2
4.259800842061772,2
5.127508985470083,2
1.5815365529306635,4
