9.055732390782016,2
7.134780171598622,2
6.098972745033425,2
4.029072977316635,2
3.68864920542791,2
2.326106846536049,5
12.803115506062815,2
9.58434177490286,2
10.245208294292084,2
9.778076435273805,2
7.918821351423197,2
5.994939481161215,2
6.082325522589527,2
3.2266788845498318,2
4.195713182347556,2
3.8291093181592695,2
4.5757472015536536,2
0.9333302384349346,1
0.12077896458244194,1
3.939292164103188,2
2.066741079566348,3
3.294772561686133,2
5.227679267841653,2
4.056274624063762,2
3.143240721433056,2
2.6814610634401648,5
1.8965218939231208,4
14.849243277655466,2
13.363108104458355,2
12.793736193526456,2
12.353767640074803,2
9.7108238493501,2
9.178906165556745,2
9.134928887334171,2
7.635390082126899,2
5.753959334337428,2
4.974052792263034,2
5.077523237577656,2
2.765974111247517,3
2.8441841918358444,5
1.5347689255712005,4
12.379018972776661,2
10.817155716955604,2
11.342549490907766,2
10.211430298477088,2
8.860288877056012,2
6.738203893804445,2
6.335427997710407,2
4.910749911276138,2
5.918551900627363,2
4.645396795350542,2
3.6677763061371813,2
0.7477527249913654,1
1.977641112560786,4
13.179832950891926,2
12.731936412880994,2
11.525150981109785,2
10.17187401905806,2
8.113113415875597,2
7.866802286835887,2
6.804371234353473,2
7.288651715755718,2
5.8983722386398245,2
5.448910805307988,2
2.857868402511845,3
0.0,1
1.1207704931185478,4
5.970915533881806,2
4.7646317577195,2
5.7847444732563496,2
1.5942070554196532,4
6.238004528023869,2
1.7968767329021833,4
3.823111318978925,2
2.391805118097255,5
5.220406942864488,2
2.386678616326405,3
3.313545074570869,2
1.9750560640472157,4
5.852306480791558,2
6.365666927227534,2
3.822970581311184,2
4.163725027392707,2
0.9781550422155064,1
2.2251332191258855,5
12.291622966123546,2
11.798751020711356,2
10.872914363496546,2
8.37245391651177,2
8.91781077139587,2
7.14230864759649,2
4.652709637285074,2
3.970220479395477,2
3.07456318639892,2
4.9029069967096595,2
2.9635970457383443,3
7.841644017745249,2
7.223947612249331,2
5.916805553173861,2
4.987177644670578,2
5.787517168122145,2
0.08421499627830586,1
3.369936385215942,2
3.935617659397961,2
3.1798734909945034,2
0.8643737625545236,1
2.5120301801044236,5
12.342055949974833,2
12.021618772209074,2
10.72506895173326,2
8.719192510434263,2
9.419766853845164,2
8.69197274526244,2
6.9786749625195785,2
5.436611046153083,2
4.408045081118449,2
3.249475869133904,2
2.3335778664643403,3
6.675967022124272,2
4.398574608234152,2
2.7829952532530142,5
17.510652034518507,2
15.424908044726095,2
17.222021304779027,2
14.721192681165322,2
13.533281482721375,2
13.273174519605757,2
10.92424052403826,2
10.43540775289525,2
8.712854888438747,2
8.430385935427012,2
7.11878337170842,2
5.274644876159572,2
5.229113190790745,2
3.3724324869865066,2
3.4285078702068184,2
1.008993658341289,4
25.371378488455658,2
26.0563969705652,2
23.327490885936513,2
22.61833290953289,2
21.130027630629034,2
19.57497707864617,2
19.997993573381823,2
17.903056515048167,2
16.06566120718353,2
14.067746556083234,2
14.197408501550305,2
12.672123920306694,2
11.789998068971554,2
12.630054377763805,2
10.676521188820507,2
9.870944580134717,2
9.097303290650935,2
7.828217991471805,2
7.971774589078535,2
5.461399285443687,2
4.956547754364383,2
3.7183844270170017,2
1.919426855872227,4
24.88151854797793,2
23.70222549849649,2
22.37857110092075,2
21.589497066540133,2
19.530438533604677,2
18.55856478175004,2
16.6130159585718,2
16.851943764454383,2
15.664827423982233,2
14.916844783501876,2
13.782334187685814,2
12.045880765056081,2
14.983732272490142,2
10.84636275784466,2
9.038735707216237,2
7.6987066315374495,2
9.1570012277718,2
9.733646173686736,2
5.894320694816232,2
6.693470550344827,2
4.891014745283521,2
3.5369557740204804,2
3.168358524092904,2
2.1456476404239644,3
8.312478832162393,2
4.173415097757498,2
4.060863638211479,2
5.510874603430612,2
3.60368806878937,2
1.7062806862394906,4
6.975910600163625,2
3.623958799046935,2
1.6085180263416992,4
5.747794359313628,2
3.4372918148338236,2
1.6554894448945738,4
6.044024657364235,2
6.059162833524301,2
3.259626400918367,2
0.7052356151402992,1
5.8458298912640085,2
2.7992493805817396,5
7.827790873295664,2
7.105471741638057,2
7.4254754220979,2
4.630073117106092,2
4.153722141490087,2
2.4570822071888903,3
6.475436059887677,2
5.738195375988347,2
4.5088497132315934,2
3.3201893018570834,2
2.5056583369652863,5
7.605898009521359,2
6.580608115683527,2
3.768578753248376,2
3.403701497864453,2
2.9875452349314506,3
4.642632646207471,2
4.443606819036809,2
4.7577011220301815,2
2.323216572841007,5
8.926507817265742,2
7.338458034670457,2
6.424649061765938,2
5.483423483205785,2
3.1088680296134767,2
2.224415198769894,3
2.7414854838457225,5
3.2592762967750453,2
1.5308545731204968,4
10.268085332829052,2
10.13842317097751,2
6.92547044189944,2
6.5570867688370695,2
6.396120418900293,2
5.743617295179582,2
3.8297990122397296,2
4.359066655524535,2
2.7083825798459906,3
7.162657829403652,2
5.663723214742847,2
4.877630852158017,2
1.6230725819825087,4
11.1692403016046,2
9.273020097132328,2
8.202821212736032,2
7.808472360435294,2
7.9780395545376965,2
6.319589988064393,2
5.272681274728393,2
4.147829470529432,2
1.5547839995314368,4
11.725625228507088,2
9.145185810720193,2
9.498184054981053,2
7.341155775353428,2
6.5815331195806435,2
5.5423156219048275,2
4.225281461972264,2
5.811656081052183,2
1.3355031786966498,4
12.507979621118407,2
10.488268806643546,2
7.658707137675138,2
7.667597481038028,2
8.55563616620508,2
7.907820906044375,2
4.821969470646342,2
4.309600073489635,2
3.243535190668358,2
2.2659694075727703,5
2.9256289078741062,3
1.5825042005048742,4
11.462222267281305,2
11.568574142823895,2
10.64260608095965,2
7.1976568177988804,2
7.569470052068068,2
7.010051909066046,2
3.7776312441170585,2
4.022321038234681,2
4.663110465172334,2
2.650191741431063,5
8.917649433627187,2
7.819051141275571,2
7.481536763561586,2
3.605476282752813,2
3.8811677861516407,2
0.9239820369698356,1
3.01540948425888,2
3.4804002089948645,2
1.7947209616483433,4
11.194235049571912,2
9.631350003135598,2
8.916081805062936,2
7.664536483730138,2
6.274661196861861,2
6.61782260911991,2
4.359521754495328,2
3.0871454451599467,2
5.3895269655695905,2
1.9816226131718992,4
9.370245541642813,2
7.868092251229347,2
8.96444166663759,2
8.037127364927478,2
7.473123467682298,2
6.771422829524179,2
3.953497169892581,2
2.5542195122917684,3
0.0,1
2.4157959216319007,5
4.0113241544257585,2
2.35159882147527,3
0.7231988963146891,1
4.267275358001512,2
2.129384516637978,5
2.7092762803043167,3
4.111576592338464,2
2.5692578350495774,5
1.8677961515530328,4
9.236294125757693,2
10.061634541119208,2
8.478327818268253,2
5.948606577942883,2
6.231006484833863,2
4.948887759499475,2
4.5323833055470235,2
1.4180029492656527,4
11.000161125188713,2
8.091749074183697,2
7.8919657389208595,2
6.2228981065185645,2
6.116631533555587,2
5.112640170032591,2
4.552779080839827,2
3.6978069257361454,2
3.1890662114877557,2
0.5821652925151856,1
1.228015673707562,4
11.314409408306465,2
10.023137119517372,2
8.702554479938224,2
7.8261312602296345,2
7.607113059250858,2
4.8806330219564495,2
3.17180549923652,2
3.237637030922357,2
2.689172883689812,3
6.718917014195823,2
6.6088245888118555,2
4.6613489472371645,2
2.7624734208998825,5
7.686681219476796,2
8.77716821814088,2
5.10115705004049,2
5.4870465658210765,2
5.763478732364181,2
3.3878890111492685,2
0.8457544235068979,1
3.2345214526694974,2
3.1065835746350303,2
0.0,1
1.0770034076873454,4
9.192079434979863,2
8.208032406235032,2
6.948927133013246,2
7.735573769834857,2
5.320728185157464,2
4.938591970364833,2
4.960788875703133,2
2.9877924895090917,3
6.289643103811327,2
4.2179694638401255,2
2.547107155356142,5
7.618208691107133,2
7.191910690639709,2
6.505098415827787,2
4.5373106607441045,2
4.731874940789912,2
1.6163725389372634,4
6.88429971536049,2
5.881254228283145,2
4.988248433275643,2
3.099407903247246,2
4.2475113907706215,2
1.9187514138614032,4
10.788904944307284,2
6.168652610059807,2
8.773966086358257,2
6.614503253958875,2
6.8198979390744965,2
2.607355039560902,3
1.6584636294866435,4
5.35371735960913,2
3.714225147198453,2
1.2838790204364408,4
5.084675528801214,2
3.844394246448868,2
2.5009300177916383,5
5.0916111293216595,2
0.6136806679038584,1
5.445888297476274,2
4.01673656747804,2
1.6379463029538717,4
8.570953510231847,2
8.225052818533609,2
7.134761648330178,2
6.4925257373838265,2
7.3110892283616735,2
5.430706414974497,2
2.0494115893862457,3
8.490388889920519,2
7.294329202052865,2
7.702725559320072,2
7.671402186049976,2
7.08267974727791,2
6.349164466821004,2
4.404518851536697,2
3.1196792788516574,2
0.4234635656094616,1
4.6385540850366604,2
3.4743706810953765,2
0.7807549027668829,1
4.366822145439899,2
1.2064533777307649,4
11.161013363490394,2
11.567555910460365,2
9.246346285005997,2
9.829568096537315,2
9.727329898562546,2
7.457575296886798,2
6.238143391908197,2
5.183560774210057,2
4.80701137423781,2
4.590272460254182,2
3.6952947065486113,2
2.268888909992126,5
4.921008722101392,2
3.32655091556028,2
3.2467222113343235,2
1.3685190703951204,4
6.8315052590420935,2
6.8355150032298795,2
7.167104641190227,2
5.166818718407559,2
2.154974304770235,3
11.993691476460347,2
13.013714928660981,2
10.676145489548928,2
7.852583545236267,2
6.332034749717902,2
7.101545596222272,2
6.905122120046701,2
6.037553324293432,2
4.1446826715123635,2
3.2407114110894084,2
2.2565660189008017,5
2.808913188638085,3
1.6013207029463936,4
11.641174353530474,2
9.936364953008523,2
9.350810856223507,2
7.637958099324767,2
8.078685279988703,2
8.12451416239742,2
6.543900200513523,2
7.877242217706303,2
5.26065580788386,2
4.397854814023741,2
1.7135975982108254,4
11.618071324371398,2
11.105043911478667,2
10.47719531732726,2
8.054992133395848,2
8.547349672731078,2
6.681642159937786,2
5.909526347032462,2
5.039719319022018,2
3.744926486507995,2
1.6629090822334902,4
11.045416080162212,2
9.69972122426551,2
8.993511812550766,2
7.844503977894477,2
8.122395749001036,2
4.5361385046984966,2
5.869228058008457,2
5.262664639985783,2
3.508775179557277,2
0.9697089472457564,1
3.367766155846081,2
1.620942466939406,4
11.812368150695097,2
11.683517980433875,2
11.672260655731142,2
8.288162955290916,2
6.8004044796381296,2
7.802713349648446,2
5.605802702256505,2
5.038783575741457,2
2.4212158630545058,5
13.694064705748314,2
11.780652825958796,2
11.480122928911914,2
9.89337312203405,2
6.288382760998112,2
8.187967731145488,2
8.096839533160164,2
4.389672863802375,2
5.707392478637615,2
2.199094165949558,3
3.051621744463336,2
1.4402392061073754,4
0.21802073557135948,1
0.8268345795348551,1
3.1704204080278746,2
2.8735001052518787,5
3.5862498532325753,2
6.610595167519238,2
3.20066218224809,2
2.149597033018079,3
3.407927385212492,2
3.219642428502885,2
0.0,1
4.210594082056408,2
0.5917313587965007,1
1.0490781349507674,4
1.7195545793468587,4
1.9796766917789566,4
1.9188817196625776,4
1.3129033668412409,4
1.7075927567543787,4
2.2079897830754542,5
14.898274154118203,2
15.148879374997893,2
11.540532768172405,2
11.649560759042913,2
8.812328353948748,2
11.56924849983576,2
8.860168565756615,2
8.371839375028621,2
6.2569420134166345,2
5.2925228337570385,2
5.0360391266304045,2
3.1729152347497163,2
2.609391524194227,3
2.7910770761570403,5
2.950557773007493,3
0.01909799659228406,1
2.9393391972440472,5
3.2921336134027417,2
0.6161621340918729,1
3.783582764977042,2
1.8568203185160688,4
11.984243114315484,2
9.865841421075,2
8.499450175140487,2
8.376473700302348,2
6.800866159108197,2
3.711657156495232,2
5.204928955393626,2
1.879701391362239,4
9.68617738670295,2
8.037784441047684,2
7.001539598736193,2
6.269478167602457,2
4.172166335248549,2
3.7593320873135787,2
1.4462742670593864,4
10.35465931552075,2
7.166279769146337,2
5.371460801600139,2
5.709456556384872,2
5.491644773863096,2
4.332355624908399,2
4.195055803718498,2
2.46319636514133,3
0.5063999244931401,1
2.7495895683008444,5
12.727164223361072,2
11.42042490846278,2
10.194112679846588,2
9.729298006950065,2
9.1658908669461,2
7.665336469943941,2
5.431749576948191,2
5.306713489919137,2
3.0872643610405404,2
4.563364266508817,2
0.5816151647795709,1
4.200512176589946,2
2.448733881764829,3
3.6216547880590007,2
0.6466328227864613,1
3.669888855081223,2
2.6154064709584075,5
12.853688837899762,2
10.453330502551967,2
10.426760393447617,2
10.26753839278174,2
8.960326464967427,2
7.8687252225426425,2
5.8713940250125685,2
5.793531411094447,2
4.248026966063882,2
4.136761209219069,2
4.303705250983809,2
2.5497095783999377,3
2.879569779142689,5
2.442486750000914,3
2.130659781445131,5
2.1572206011736426,3
0.7868325190273664,1
5.041656732153784,2
0.6746299903123656,1
1.4280519975069066,4
12.948448425174458,2
13.329623415758462,2
12.469753148391652,2
11.842055886172266,2
11.518783221054194,2
8.698887906304689,2
5.569538504844174,2
5.640039096254719,2
7.018743914079673,2
5.879157873588972,2
3.895734245079326,2
3.3891048624295563,2
1.425877989538583,4
13.087692332681828,2
14.92171425083237,2
11.867432055175266,2
13.107186139557555,2
11.734858114418282,2
11.235184740496917,2
8.353885643502144,2
8.002650405997652,2
7.237260977046173,2
4.657993899415762,2
4.0524009548608095,2
3.705005302158521,2
2.641728307707005,5
2.3880716990123414,3
3.052558131244793,2
2.2187819880375006,5
2.307920368448636,3
0.8518825228474427,1
4.737094298268434,2
2.124697695103856,5
0.22506747651827053,1
0.9310597363321632,1
5.875772762471305,2
2.8736423192598477,3
2.3064163251514307,5
3.077837016164396,2
1.7608069111658595,4
20.057328351086085,2
16.864748305972117,2
17.610635400851034,2
16.60129820262896,2
15.026668578590815,2
14.354246792568645,2
14.031304529616875,2
11.904473667301819,2
12.187252882233707,2
9.238857508869916,2
7.396700457477977,2
9.494376077892284,2
7.874937145974138,2
5.823671950687944,2
4.2534180762945555,2
3.166203581853369,2
4.8737967961092235,2
3.5506363095307494,2
0.0,1
2.954674869523735,3
2.140201661908816,5
3.0907201349253466,2
1.6684467049329563,4
19.17676836199119,2
18.154730027439204,2
17.372013375395902,2
17.648845786013354,2
16.206291949216194,2
15.60982043023451,2
15.117181872056243,2
14.045747102730491,2
12.82438657608618,2
11.229029462090214,2
8.742325142226559,2
9.004127197840035,2
8.803210618918268,2
7.526564065243731,2
7.88015175982651,2
5.217428259279101,2
3.5920095908810614,2
2.168832009474438,3
1.0656673812796056,4
22.53565729601425,2
18.671991503031187,2
19.83731464839645,2
15.583651371439965,2
14.694506904406449,2
13.143254729966564,2
14.638115544943151,2
12.324673267955546,2
12.660922183470344,2
9.705469270405082,2
10.40410422343844,2
8.852404975975823,2
7.798499192808252,2
6.912056664030565,2
7.4463035845816465,2
6.373067581703047,2
4.19402432601465,2
3.0290462543103467,2
2.5155908176284565,5
5.961438127327168,2
4.387528158320759,2
3.5458846385398384,2
4.1674200506704615,2
2.437064609157795,3
0.02701776308788117,1
2.9517309372025387,5
4.409911737527486,2
0.7251189905108373,1
3.4140004618362116,2
3.5397685303506137,2
0.0,1
2.2393334556522424,3
0.8394269992776446,1
3.541921526668019,2
3.5154610324480666,2
0.06095592575781095,1
0.2703407644736555,1
1.2647244656745338,4
0.3977606674068472,1
3.0964912633036388,2
2.4208511073251118,5
5.1085394878452695,2
4.302535452322128,2
2.7080823597509105,3
5.795122844330442,2
2.4006103421477465,5
2.0471275812554626,3
3.4107798933244067,2
4.054032657543591,2
1.5159409144870897,4
6.600456442167312,2
6.041349498239059,2
4.724184620901778,2
3.3449983448322964,2
2.7841431468960542,5
2.5587947193135148,3
2.4818288560081814,5
4.316166033844503,2
2.657432988040357,3
3.762919805318357,2
0.470567641631124,1
4.357233518283345,2
1.1938318903744316,4
2.421747452978006,5
10.167619784513628,2
7.8049218339673265,2
8.933205618782274,2
7.355566265957241,2
5.8665763405231806,2
4.599333595302496,2
5.421026731876347,2
6.043282649463918,2
1.1339895315452069,4
10.071408641491557,2
8.74181453870371,2
7.9427124459170475,2
6.7235737603038945,2
6.388760056044411,2
5.187808426602488,2
3.938362628118705,2
4.057959187537845,2
1.7820988576328636,4
11.399807835597509,2
11.075651755342047,2
7.900815271552857,2
6.864150288267879,2
6.556879033332168,2
5.541981925940447,2
4.9516076623276835,2
3.1548076959427824,2
2.682062246300598,3
6.213559932355238,2
7.043947556761213,2
4.9641138765247375,2
4.387487701712151,2
2.0247066355884753,5
4.826695492228115,2
5.467702728339405,2
4.546274618804623,2
2.85021494907408,3
7.636956461351963,2
8.792951318208187,2
8.145283046204582,2
4.993931298444274,2
4.0229952264203614,2
2.9257013948944177,5
13.124581784919098,2
10.391833826515418,2
9.754706775411584,2
9.248563395167508,2
8.787323329136957,2
8.362219540265043,2
5.704667806613696,2
5.095832208998663,2
3.3827162400020168,2
2.0024041978302574,3
5.6031499772683775,2
4.238822975204895,2
1.9871560085487965,4
15.111521745755134,2
12.975464502567688,2
11.498158583411492,2
10.151385727649048,2
10.973286049725893,2
8.296194597551613,2
7.2323045802323795,2
4.996098782017631,2
4.393628445040017,2
4.461766294226575,2
3.3346055953664595,2
1.3172453755659603,4
14.526083963501206,2
13.336364205624115,2
10.427500787996298,2
10.300922194777774,2
10.284644297981266,2
7.714138383784522,2
8.244058738055495,2
6.013057573301039,2
4.958699957458088,2
5.101014005130588,2
3.670874166916674,2
2.5728841164375025,5
4.6161709948403535,2
2.906237846546948,3
3.638244611549825,2
2.244713012310081,5
3.3640760652554174,2
0.0,1
4.44515634682713,2
2.3922576124040438,3
2.045058515638833,5
0.8655676034819799,1
1.9905976471223057,4
5.426019655119282,2
4.770441775334744,2
4.388427008436721,2
2.3063853930559355,3
6.512793371476372,2
6.10249467754758,2
6.163277922900832,2
5.0710615879971925,2
1.88186858291086,4
13.835151706392255,2
12.17766965799537,2
9.924335620647774,2
8.185575473037439,2
8.9617827478287,2
5.940861672243326,2
6.277877899715931,2
5.079664614459285,2
3.0589417227440285,2
4.7340527836741595,2
2.0685605685500583,5
0.017619943410239758,1
1.6571168450642566,4
9.24263489616686,2
7.548552247882148,2
6.862443565854303,2
9.860327093860603,2
3.8290652724749656,2
4.435614649918048,2
3.840118228622404,2
1.4773205571338606,4
8.700425299478006,2
6.348552404417625,2
4.952823650866413,2
5.105033334042465,2
5.268190144299924,2
4.985936655722737,2
3.2255526258826035,2
1.4331750264322078,4
10.744050265407493,2
9.206513672350367,2
7.2595058985249565,2
7.9756084894239425,2
5.003637044211949,2
4.492474555926296,2
2.332052335345153,3
5.261455763776213,2
4.4395759029616055,2
4.522561406243779,2
2.366430135245064,5
12.226460933895115,2
11.307066141645427,2
9.193926780300679,2
9.804582218538412,2
8.930709247251334,2
8.34575825237336,2
6.605579861910978,2
4.235608550627241,2
3.5511486187969683,2
2.5325072407423748,3
10.262530070491003,2
5.3726070792270635,2
5.351236795521972,2
2.3560786254618646,5
11.844408619246929,2
7.555850755655528,2
8.168047795133662,2
7.2689631259150005,2
6.528505487697535,2
5.744683357785356,2
3.531216338470664,2
2.7250358512151367,3
13.003096722432833,2
14.222177874328759,2
10.61797384077766,2
11.284837388361039,2
9.268418502955797,2
9.040248462146604,2
7.622526042972133,2
5.767781198123367,2
7.6705857231336445,2
3.980464679711032,2
3.718239686995292,2
3.2253852247409203,2
3.8311183328704463,2
0.4512345105362555,1
1.928556670781966,4
13.624680496757119,2
14.063002291797623,2
12.508277405890414,2
13.17062100779536,2
9.970138031014686,2
9.604062563098953,2
9.02381287860782,2
7.532460606071311,2
7.591863702597664,2
7.474711531160597,2
5.000204534044143,2
3.587314500243589,2
2.260315118433861,5
14.3119841099504,2
10.331183876819509,2
9.758248110154476,2
8.516621027242431,2
7.3028871804408935,2
5.717892174675129,2
4.8801551451299545,2
5.091083333999172,2
1.9863160109354552,4
12.281329422534967,2
13.293816021134285,2
7.928043431183811,2
7.6313127272238095,2
8.546749355700268,2
7.0486719597455165,2
4.0100570944974825,2
2.9659086310454303,3
9.87492583025709,2
7.225536243037546,2
8.335488142508968,2
5.6202084466830895,2
7.294161703348912,2
4.537295660663634,2
4.634695307589243,2
1.8717923237796583,4
10.027625721296811,2
10.48171585558502,2
8.995509870787307,2
5.805053661500423,2
6.016730008433442,2
4.402161089941666,2
2.7509142338485346,5
27.000574448513888,2
26.475404578385916,2
26.677085326005397,2
25.68152165181748,2
23.39067067242535,2
22.16319912287432,2
22.864579263193683,2
19.95540343750988,2
20.288409368032166,2
18.50244331853916,2
14.421760252712712,2
17.4274521196149,2
15.204721415465894,2
13.738854128473976,2
14.4818570184361,2
11.433692144656826,2
10.016876444517743,2
10.664672898969735,2
6.735453747514308,2
8.46433562067919,2
7.518327095962482,2
6.726195093446388,2
5.030638744471678,2
3.975390401375367,2
3.954287923089462,2
1.3789226937497616,4
35.48766325935001,2
36.244687735488775,2
34.33357868330957,2
31.72742128123957,2
32.56458163561642,2
30.500773263189163,2
27.33407304526501,2
29.543028630620903,2
28.06459041340484,2
27.68396516896956,2
26.35979152288413,2
24.41550519582968,2
24.26389920992905,2
21.9671853425272,2
20.766337385284316,2
21.41005500931282,2
19.271468761323266,2
17.293747159853055,2
16.760534601598994,2
16.187774347686005,2
15.970915921029427,2
15.128192372006405,2
14.201537017719186,2
12.417005782783296,2
11.236168101085667,2
11.203315405766258,2
11.993465157472427,2
9.585221215174485,2
8.943121936616063,2
8.69989239346222,2
7.2732324898998035,2
5.256419476294063,2
2.4191233872360813,3
21.524187219561693,2
21.080969446213363,2
19.389233383229875,2
18.454708143984405,2
17.62441243885804,2
15.421173915397574,2
16.52104595883166,2
14.743420617179144,2
12.373410877870025,2
10.418361195111396,2
10.362128321260812,2
13.480002869540346,2
9.716497312016829,2
8.033920212135515,2
6.461405001000003,2
6.316430149443643,2
5.151452034282512,2
4.580052220142356,2
5.6896262205790675,2
2.1593654609704167,5
4.171218889624456,2
3.1991531381819565,2
3.080128646916608,2
2.7049161384487306,3
2.5943085381627475,5
1.4532712918699555,4
6.419275688516523,2
6.319113864166662,2
7.696292529268843,2
3.476409855071016,2
1.626700766290988,4
4.325096373008203,2
4.139089996093008,2
1.6040359906614403,4
4.926718197615283,2
4.1599159930523015,2
3.1505744882963618,2
0.8609564685920461,1
3.2686521321795428,2
0.0,1
3.5969842322134338,2
0.9157071911268968,1
2.177732785579015,3
8.588147876798804,2
8.855366040118962,2
7.53593373824441,2
6.347514576732911,2
6.120338342620378,2
4.927083470275017,2
3.8483748089678183,2
1.0834956645296507,4
22.841301308047623,2
20.727193889196577,2
18.032828924442228,2
18.381078021194305,2
18.371711290891227,2
16.64225786739878,2
17.507518741447953,2
15.015261006358822,2
12.063764036203725,2
13.395426734127605,2
11.838190916948845,2
10.063744827830217,2
8.966267554481878,2
6.575329807303919,2
6.534887854363223,2
5.459272004580915,2
4.602314889567093,2
5.9505771057646015,2
2.191843478728467,5
1.3231333347286598,4
1.3488651770956048,4
2.8703174026553486,3
1.987054968901276,4
21.395819869502567,2
18.360828070893394,2
18.413404386369752,2
16.79730401781811,2
15.613722075571625,2
14.85623323306826,2
15.301609124095206,2
13.897618321780062,2
10.64703257020834,2
9.741085169542533,2
9.843939193475032,2
9.098533148093756,2
7.645793418200338,2
6.960288054865358,2
6.920557686252736,2
6.600528245806906,2
4.275007427530685,2
4.056443603602542,2
3.9107204969906633,2
1.0339628626882245,4
22.74659986173997,2
22.200884372138027,2
18.935745485233905,2
18.020897124309226,2
16.566948039356465,2
17.362713068865553,2
15.00734360581131,2
14.3960964914442,2
15.062086792798086,2
11.777676142707689,2
14.106112547170232,2
9.699422221313947,2
9.670302819250141,2
8.453902401271941,2
8.4771676827914,2
7.451402890203703,2
6.263796313110608,2
6.0047322289915535,2
3.503576604189756,2
4.320456879977122,2
2.1253966643848856,5
10.552079173640568,2
5.848300585697293,2
7.7653212283203725,2
7.29894679862393,2
7.7445777385989425,2
5.8174700850063,2
6.485592893931006,2
0.6181901220145343,1
3.471900882039056,2
4.4720350639256266,2
1.473391929240789,4
11.041042002157061,2
10.926443995460666,2
7.104882599777615,2
5.874192956362776,2
4.3476353893882616,2
6.362035034926278,2
5.802088767876495,2
2.2766188594780568,3
8.567607763851889,2
8.049734099135401,2
7.100531119010924,2
5.628633174053592,2
3.6178306462913934,2
5.116615006056781,2
4.496634853639638,2
1.9393324270133812,4
11.3862311402404,2
10.718602488898581,2
8.3035511005479,2
9.483894875430623,2
7.370156744139463,2
7.159983121486151,2
6.628367750626961,2
5.405568007639276,2
3.047724252123317,2
4.100751136283014,2
3.1469304394512165,2
0.15329272368732594,1
2.9767075814862336,5
14.885906530615983,2
13.41747817431956,2
13.579862865460663,2
11.388965395699234,2
12.426148021227194,2
9.892248162692944,2
10.859189997858426,2
8.377203284385114,2
6.6048990620294825,2
5.748892142448255,2
4.08076711510276,2
6.647113585619182,2
4.845822666915366,2
2.905042316511873,3
1.2819283773176329,4
6.239844915011088,2
3.4114099761081773,2
4.715551288544327,2
3.5315479186724983,2
1.8720292767519582,4
5.94096140112234,2
7.01877146145641,2
4.940125623341236,2
4.192518016823697,2
2.3951738523763275,5
1.8462496258801595,4
12.17933690383741,2
12.898347416591141,2
10.605035789225145,2
11.923242415173394,2
8.959559340048846,2
9.734520379064847,2
10.774210740596716,2
7.359989165435871,2
7.872285058151977,2
5.0332455245678895,2
5.195502435498184,2
2.801527361952945,3
7.792889678604561,2
6.1080533856335215,2
3.186009270573357,2
2.3173362049597825,5
5.796383824442321,2
3.1619947527199264,2
3.5925748852705763,2
2.3532210399182656,3
20.047419935257995,2
20.020797472454873,2
19.462003861491198,2
19.769249566607247,2
17.005223377396064,2
16.522081232173008,2
11.844246479604466,2
14.926092337829976,2
13.430242770285446,2
10.803989588212572,2
11.061763706323836,2
10.16954189319547,2
9.17665457012516,2
7.184376384126028,2
8.040876466892787,2
5.2226637693855995,2
4.613769003486408,2
3.7654046651537554,2
2.0625585124300287,5
3.8105158613522754,2
1.1591206942362668,4
13.385978732385016,2
10.362719963589962,2
12.02051282542318,2
10.128170459223009,2
8.741181244111711,2
8.238577053646512,2
8.344718863440125,2
6.8660722433655135,2
4.5548999889597575,2
3.4422517961555834,2
3.3750592186078103,2
4.026932273435455,2
0.991214080422213,1
1.6986934910490752,4
13.488791010559773,2
12.968225116040143,2
10.204329089075102,2
10.010332396574013,2
9.706626736995359,2
7.940546572536843,2
6.45231093424774,2
6.191307670254522,2
3.8494815718660154,2
3.094027433675022,2
2.8101184090433615,3
1.7927213667854616,4
20.49856201102998,2
18.913801936542626,2
18.768068334998727,2
17.849639943211507,2
15.730101245995245,2
14.368909568471775,2
13.622889638054435,2
14.512534970138235,2
12.156184958541536,2
10.869883254522202,2
8.576820416580796,2
10.704085603320006,2
9.197448381601232,2
5.3517114981657565,2
5.868037229704575,2
2.483090030107232,5
1.1984974018718582,4
22.083190347594293,2
20.790493076847348,2
20.127294325870448,2
18.713366173954267,2
17.813708865494466,2
19.144949768622443,2
17.158176981849547,2
15.25102796442918,2
16.811051572845226,2
14.091039087217734,2
10.657023550330576,2
9.887275137365686,2
9.148727919039937,2
8.998177619695271,2
7.0252242882695075,2
7.537448678702997,2
4.920733474368713,2
4.1153229787418235,2
4.787191151937956,2
3.980139263095477,2
2.426036028171974,3
0.0,1
3.374950910325703,2
1.5564843226913232,4
7.677494716150744,2
6.0269548708502985,2
3.0877737951281428,2
4.595049550652654,2
2.5143541410942936,5
10.514970885107033,2
11.871454859940707,2
9.012814916489043,2
6.872474172479408,2
6.6343453443464275,2
6.765117731532343,2
2.9548909874564004,3
1.6196568637854092,4
1.510126810430774,4
1.8542369865575583,4
0.8008075071389895,1
1.6004999896605216,4
1.5358951069929865,4
1.8358217029827093,4
0.0,1
2.7486649035737134,5
4.9364356137858465,2
1.6319529911840474,4
14.394235956311196,2
11.757150514162426,2
9.621733075678742,2
9.25660160358099,2
7.441197394999621,2
7.369073895061843,2
4.9454559122729735,2
7.562014581489576,2
3.64983968191542,2
4.70914372122864,2
2.331313376036831,3
3.370308106147778,2
1.9002606839077647,4
7.2009671793511245,2
6.0330649428570196,2
3.9338757580981465,2
4.866264289014597,2
3.4895935091344152,2
2.3954700842711656,5
0.7207836196920071,1
4.478359184675299,2
1.831418231554421,4
5.088258383666007,2
4.987845875283312,2
4.512599383864285,2
2.8706244393119866,3
0.6848409321060231,1
2.37802260034536,5
7.075489192156852,2
5.406303232138064,2
4.92205170229374,2
3.5834495553786483,2
4.798940519464662,2
2.05352367582649,3
0.0,1
4.029738538110239,2
1.4190451849900128,4
4.205357864499994,2
2.4482382807959917,5
3.6281457658723615,2
6.23784964071654,2
3.4836436621256954,2
3.8388205242383395,2
2.327379580488925,3
3.3589143489422297,2
1.9151991798167511,4
7.761647306014751,2
4.989315025823632,2
4.289876232656088,2
2.699141123621544,5
0.0,1
4.902316924190441,2
4.701313831547059,2
2.410282784567631,3
5.533480956574171,2
3.1203816053462874,2
1.826811690984816,4
8.10629308561088,2
4.2596529644854595,2
5.8936809369487175,2
4.323880944158664,2
1.2354927567261191,4
5.392142159011296,2
7.503071657373428,2
4.11081036564926,2
3.402081871438156,2
2.060590461000308,5
5.332660601871755,2
2.360911114829149,3
10.05302317821478,2
8.121314800053275,2
7.402127630835255,2
6.56059349149591,2
5.222429507953611,2
3.772132050530913,2
2.9061193700853236,5
3.784201999221949,2
1.8627025783592384,4
8.243466308982336,2
6.5110006222250885,2
4.090616896067483,2
4.1787958210669265,2
3.409405582693413,2
2.9085838669014885,3
3.861962802393888,2
3.4964289862926368,2
3.70950347778036,2
2.207257715827206,5
12.48917632842684,2
10.649233009960934,2
8.478826209977385,2
9.22276262269128,2
7.89563160860862,2
6.764294411361782,2
5.2221914179326125,2
3.2071417526597585,2
2.571300538089583,3
3.006022605434469,2
2.171155451445584,5
8.792057718950023,2
5.783800978911697,2
5.370641275497341,2
3.8316702190597502,2
2.7791477246300293,3
3.9812777904285857,2
2.091537241628848,5
2.8627243224084453,3
1.5854113667025147,4
3.056692986021412,2
0.0,1
2.9973055725050357,5
21.604647665792925,2
18.683253857988035,2
18.714290389576465,2
16.565965623517858,2
16.966774316253804,2
14.15212454340544,2
15.55813543067861,2
13.474999941984976,2
13.610829833556151,2
11.747250618375222,2
11.716633825555453,2
8.880335683227731,2
7.442310725423269,2
6.211152666263763,2
6.5680531150739565,2
4.682612233970805,2
4.1217641744326645,2
2.836542061711669,3
19.83992965924616,2
18.22017063003156,2
17.14926393034179,2
15.446172816076064,2
15.061574253366235,2
13.297181403183592,2
12.119997687308647,2
11.46608527432733,2
11.47064986338484,2
10.456768272162279,2
9.434584875568326,2
7.3956686632479505,2
6.011371470042728,2
6.066355288803103,2
5.6916540545529735,2
4.611387034313124,2
3.249233211327864,2
1.3469411767805963,4
20.179349086944907,2
19.45882076151378,2
19.548853764122857,2
16.516679925190115,2
15.197184097429481,2
15.037046796510193,2
13.318852047857135,2
11.671566983501036,2
11.380238356199115,2
12.293964650464694,2
9.974703135727596,2
8.479187368608686,2
6.8753495927151915,2
7.421004196800013,2
7.120663570272416,2
4.273352244056756,2
2.7230210344201424,5
2.668834894227252,3
5.2523223140696915,2
2.643161448176337,5
22.81274334734551,2
19.154173466509246,2
17.014579843721425,2
18.14440480528379,2
18.181168587431053,2
17.303142951701027,2
14.636053821865131,2
14.883403471393791,2
11.834060533552346,2
11.628433794593516,2
11.370732897341787,2
10.944081012454207,2
9.540779494407298,2
7.236115367110182,2
7.812090929883394,2
6.448316838516035,2
5.345247801670119,2
1.8301476625149922,4
20.212045744827485,2
17.57541830581549,2
17.59432300490008,2
17.123496471721563,2
15.99260719173328,2
15.899553680462725,2
14.929903348806493,2
10.758624735053065,2
11.713752371425626,2
10.484213328319322,2
11.686812184515436,2
7.326955353895165,2
7.319443459551844,2
6.638819293995247,2
4.5339616220105485,2
4.998948398647697,2
4.788590184476403,2
3.189640631826399,2
1.3208613980735338,4
21.801796537831294,2
20.516290270058306,2
18.662854455366663,2
18.49902981579998,2
18.11133361313649,2
16.181117172399787,2
15.523028781852233,2
13.636575525689645,2
14.09315356165024,2
14.233360497206528,2
13.084844061171848,2
12.505141637455894,2
10.418321737728519,2
10.099529943861643,2
9.173334450478604,2
5.936760334098388,2
7.255578849997642,2
4.871277718675276,2
2.3047772482799243,3
2.8323383725693336,5
2.642562580547004,3
2.6032201483975728,5
3.881315076539413,2
3.2333410073344533,2
1.4710521935558205,4
20.5601021486871,2
21.97476915907474,2
20.421359590812465,2
16.774286329875487,2
18.58669167172286,2
16.20382958459391,2
17.51347184761794,2
14.286928442519624,2
14.315108364234055,2
14.955600034611782,2
11.258949712059684,2
9.887923984235519,2
8.180344874643342,2
7.5733086131670975,2
9.68774594244951,2
6.3332811466459,2
6.773177368267603,2
6.949220045113371,2
4.817922223930832,2
1.3681834996243951,4
20.738412094426945,2
19.226517539511324,2
18.59949703835777,2
17.391122978744768,2
17.190129980527526,2
15.748851909792087,2
17.00400319061902,2
13.771201959011412,2
13.691374491743368,2
10.525206880817155,2
12.009047470021994,2
8.814426816931102,2
8.106747053304012,2
7.743418123974284,2
7.318573684921964,2
6.634711393095382,2
2.9417016358310333,3
1.1073701624528078,4
4.8481316651074575,2
1.7100091032339868,4
2.580471744743304,5
1.0811160670004436,4
10.67169042667248,2
11.92852687422282,2
7.730008537769702,2
7.955422753842582,2
7.442351968745746,2
6.674390791694047,2
5.289556271934721,2
4.6173021489111905,2
4.743184608383462,2
3.473817324882424,2
0.9454624777655992,1
1.4309189651694811,4
12.945872838432768,2
11.538514079215027,2
12.676107402907572,2
11.721991127652373,2
7.310437652617513,2
8.132356367583954,2
6.011025460585808,2
6.2899395951209165,2
4.1129546037423586,2
5.409057027646936,2
2.320921116252231,3
1.7574077021079784,4
0.0,1
0.98765817989177,1
3.285533596857348,2
2.5817760816781568,5
21.60751631154563,2
18.41699416598697,2
18.55927933810927,2
16.666526891148955,2
15.5017955044381,2
14.99995028160962,2
12.733761274206044,2
14.214740796781134,2
12.011988208108688,2
12.37559358008792,2
11.765974754297895,2
8.448212476237414,2
8.30773463219372,2
8.900949447005358,2
4.6342555243023895,2
4.637381609601508,2
4.594250774002762,2
1.0454386775044149,4
21.2084089402932,2
20.54931590410699,2
18.48202712290655,2
16.10861781530004,2
16.67484948418258,2
15.915681906181108,2
15.368550889774733,2
13.966263467830494,2
13.898225988466955,2
13.424923101192816,2
11.040384184092273,2
10.681377090092166,2
8.902244176477069,2
7.51309904447297,2
7.320902397630961,2
4.35259445638938,2
5.082373692833811,2
4.480894936874032,2
3.8092168467371863,2
0.3671241665021496,1
1.3117529678989228,4
21.38223115531526,2
18.64210548053358,2
20.646020207781774,2
18.682931836504515,2
16.65488429790711,2
17.01601222668141,2
16.696903295456064,2
14.672221397209555,2
13.81207943604146,2
11.190160130701155,2
10.496187188771883,2
9.453677433484913,2
8.384808773425728,2
8.408803281570634,2
7.515931257220576,2
7.4783947831289765,2
5.032236853563885,2
2.920487648949948,3
8.160612292830352,2
7.091222173659571,2
4.377044423978764,2
4.34760985163892,2
2.946143196848189,5
3.5933907587451888,2
1.3485833173149122,4
5.731160045802838,2
5.120467552128527,2
5.536015005827331,2
3.0376497756889487,2
2.8223259904575335,3
2.970421026461922,5
0.7996902732418476,1
2.495643898719892,3
3.2462220504794015,2
0.8611420905956708,1
2.089628218313458,5
2.1944223591482346,3
1.4121188570910408,4
4.02648420580439,2
3.2022636530589303,2
2.2350155566352394,5
5.615542566871886,2
5.440962796810294,2
2.2308061424555192,3
1.965354832120796,4
12.815462037145537,2
13.088316374790725,2
12.44862436235594,2
9.885486467741725,2
9.929686335644682,2
8.39595176884157,2
7.434571114465768,2
6.888602548847412,2
6.580352342726928,2
6.48279371734893,2
3.7613376891523065,2
3.292185959928492,2
2.0634127860805167,5
11.158493762297464,2
9.438733901940079,2
9.327628973184039,2
7.638923819977109,2
6.498001712264602,2
5.026586773744149,2
3.2567434308544296,2
4.213017542162944,2
3.7115785060061186,2
1.5447719748930415,4
11.721245930460976,2
12.429588318810529,2
8.777457690401333,2
8.875990378329002,2
8.80114378933165,2
7.654439919436772,2
7.748043353277567,2
6.153944583884068,2
5.200791620692383,2
4.103198015264467,2
2.723548148344124,3
2.8365297294969505,5
4.267458009495773,2
1.054242406505795,4
12.187672780334616,2
10.745402238247006,2
9.784856267860553,2
8.279586445842076,2
10.11262059696064,2
8.21432517075099,2
8.147301394249501,2
4.872049802378708,2
5.269699077468987,2
4.057286544453008,2
2.8993803825020774,3
3.4862487108059854,2
0.0,1
0.3242507465909026,1
1.7481350064698389,4
1.8638203498561718,4
2.979930902226365,5
3.147029408727549,2
0.8335038885509374,1
1.6725303029523624,4
10.415678619496397,2
11.392629129651516,2
7.726667539178624,2
7.505904973301831,2
7.436462809747119,2
7.080806458132572,2
5.272110650786699,2
4.537633760386059,2
3.7616968871641823,2
3.1842480215371936,2
3.554246624396713,2
0.8381144238225036,1
1.7686026366881848,4
13.895760075811875,2
10.640064610969363,2
10.852041146870599,2
9.791772152514312,2
9.020640502217296,2
8.050080640633997,2
6.237126504886367,2
5.100207585541823,2
5.09176984922396,2
5.9329149016086875,2
4.030615810510387,2
1.8543585463618275,4
13.10405946580085,2
12.469662226397764,2
11.302049955135567,2
9.114523668889344,2
7.159439608191189,2
8.03162495887809,2
6.924786562320107,2
6.7348160720402666,2
5.397891338763173,2
3.9844897481520354,2
4.501097032289971,2
3.3667807590535226,2
0.4720011436446261,1
1.6611233422646368,4
14.495025496139734,2
11.896927230467648,2
10.28092731980939,2
10.365852058573381,2
8.907215662863225,2
7.287884025729727,2
4.822504467403945,2
6.278558226208372,2
5.135756673078833,2
4.990376972656877,2
4.2810333813697925,2
2.9961536211472235,3
0.09009718940681832,1
3.759572822782949,2
3.019322816030871,2
1.2017064425175357,4
2.8614169470874886,5
13.312633002172758,2
11.21818149954473,2
10.658215625361953,2
9.941159627488481,2
9.935824263294952,2
8.419493451249034,2
6.673280758843043,2
5.270130449643965,2
3.4228952288617136,2
2.800843664182433,3
14.59964211325598,2
13.425446016981786,2
13.193361151703416,2
12.04837136562372,2
11.99147253757154,2
10.479743599256619,2
9.656132969211404,2
9.429172033723649,2
8.98404732329219,2
7.049410155756059,2
6.261009191864346,2
4.5314122059891515,2
3.2524083155364893,2
0.7335936474951987,1
2.555985885053622,5
3.6834227954790135,2
1.9611245465526657,4
4.948317838581902,2
6.031172652984318,2
5.329076374576633,2
4.474942661413362,2
3.880539565594782,2
1.3800695213417666,4
8.121258567959023,2
6.399303551051824,2
5.7218303063111,2
3.959261696535584,2
4.347931080091315,2
3.6981551244064894,2
3.594345269975145,2
0.2353253474112549,1
2.092442504699807,3
11.247683699181627,2
11.912997126651412,2
10.06552606296214,2
8.136046738976422,2
7.9270422965355705,2
7.990511838616742,2
7.466522948399566,2
5.136370149205384,2
4.623725185675698,2
4.059387519016704,2
3.35140108033301,2
0.8481125689938354,1
4.165453443081741,2
2.583872755357315,5
1.4507765737128309,4
19.450211205937336,2
19.223095668494835,2
19.06211330116422,2
15.624719251860693,2
17.417768544921373,2
16.66378545282009,2
14.434768358211818,2
16.181324068861187,2
14.521146154526878,2
12.936103939006989,2
11.196556843622153,2
8.605907393136054,2
8.532829415070767,2
7.657951967130693,2
6.384235454412089,2
6.496195884389183,2
4.003697847280898,2
2.787296279029687,3
15.094220467898113,2
14.197606274473749,2
12.966220735882594,2
12.364164825906506,2
9.746887158276056,2
7.723286698045851,2
7.790074721309939,2
6.883725701344763,2
3.689880018592219,2
3.8558886042287113,2
2.233036365719011,5
4.4979908992271325,2
2.5256092266453853,3
5.486241900264673,2
3.3978936376325044,2
0.11872982638260265,1
1.7789949731790735,4
13.645256789964753,2
13.347676666305196,2
11.464970118134424,2
10.93452640341814,2
11.169049317995217,2
11.685886762975226,2
7.246035236083271,2
7.449428191535727,2
6.941601286274627,2
5.899146606058278,2
3.5636891028338846,2
2.6935203124162115,5
19.142688226476267,2
18.10345177626332,2
17.228999127418202,2
16.308442779483894,2
15.486145718086442,2
15.351093737287645,2
13.659637890377288,2
13.442504794217873,2
12.580385654428394,2
10.251039560280935,2
11.313881936683455,2
9.794832319951643,2
7.399483389837299,2
7.02933134282994,2
5.091147043417418,2
4.480506654153278,2
4.5135306119820635,2
3.8018435881499957,2
1.692523663074874,4
21.92964502518149,2
20.1212772719138,2
18.151539771061,2
19.601799979239804,2
17.423374275012215,2
15.7180126206617,2
13.984483490682196,2
13.731588765431473,2
13.256316530822964,2
12.435462421287866,2
9.617545894556924,2
10.546538830279523,2
9.81158438869731,2
8.491426704426889,2
7.40376796622748,2
6.306796303646794,2
6.091384555199554,2
5.568311691900074,2
3.208171622751076,2
3.431354526636743,2
2.1686436926730943,3
4.4303471575113935,2
4.060417520890316,2
5.715498878261764,2
0.2801263214056242,1
2.968113626155743,5
8.104039662916893,2
5.2836682241390704,2
6.655835059159098,2
4.443724396702102,2
4.287706149718082,2
3.1199508916661665,2
1.8385321245928103,4
12.654579945163551,2
11.791372794071036,2
10.692942116710716,2
10.18769272101582,2
9.710349120127477,2
9.191580193212928,2
7.385210816504833,2
5.354929363671738,2
4.626966222083634,2
3.0757118508944266,2
1.7062355850324264,4
15.091447071239937,2
10.486354996091725,2
10.110273563355316,2
8.242384306880647,2
6.882765996775001,2
5.969142394808393,2
4.882367469548849,2
3.426333830035007,2
5.859516212335044,2
2.495453313900547,3
8.108189479318833,2
4.198557105639938,2
2.4535469884529126,5
3.2096534648860264,2
2.7698392256437447,3
4.307332359184782,2
3.65581593469816,2
2.1912755577030434,5
4.127766427470073,2
5.018444135722078,2
4.858789747118287,2
5.032255967900031,2
0.8267568023066838,1
3.0917029777652667,2
4.984192546509396,2
1.5431688227561728,4
7.459121609090676,2
8.66444925231702,2
7.163331715028713,2
6.070596433905388,2
4.86500126393612,2
2.7162064662137846,3
8.555472157340743,2
7.740449843237077,2
7.640980794088503,2
5.876579350235053,2
4.554109914462243,2
3.511388025838303,2
1.8440565619709648,4
7.802415756128619,2
9.694992935166974,2
6.4279761438967125,2
5.957858370636735,2
3.420783237180085,2
4.067502628063041,2
0.0,1
2.9115736303437014,5
13.013731536877653,2
12.837293346110597,2
10.12253156643764,2
9.036990861055664,2
6.849662603670608,2
6.481607456005349,2
5.100763348067291,2
5.201873751416838,2
5.285086084304344,2
2.6308183546297053,3
0.3065548301042369,1
2.0347675690207896,5
2.2667334300906528,3
2.559704971647188,5
2.5809786699037423,3
2.2747433050400203,5
0.9765366658653698,1
5.660623718982119,2
3.660725071778062,2
1.7706375465771491,4
7.282753260054085,2
6.436853246654108,2
5.883562056314554,2
7.7208877642206275,2
3.369857773417157,2
1.9538677901301351,4
7.313876341320179,2
5.8834789357696975,2
3.1124563706628012,2
6.54694841689462,2
3.973943062897485,2
2.2878162852440616,3
1.5271421407440322,4
1.5740131429981463,4
3.014198691192626,2
0.0,1
1.0099792492793815,4
0.30393144478395073,1
1.845813624804548,4
1.2690398241111884,4
2.0598185140819285,5
12.961059934994054,2
11.388199057600207,2
10.812997806842716,2
9.360410549133169,2
9.692620693836936,2
9.402741403113726,2
9.178315891347614,2
5.03922705882048,2
5.734541162173311,2
3.714248925828605,2
5.631535883152907,2
1.1595961054579702,4
12.58152397796633,2
12.806260173439926,2
9.977697681569277,2
9.116757737168104,2
9.416460000579189,2
7.559496762846781,2
7.410148393770934,2
7.20610609469904,2
5.976958610381695,2
5.827209248868716,2
1.1767877338703479,4
12.379521736298114,2
11.133064807539796,2
11.36448369953169,2
9.520624567980548,2
6.392023502772916,2
6.711259770149231,2
6.8738575830688795,2
4.284239762889978,2
5.194376735378809,2
1.541529567714968,4
12.726061759701825,2
8.464438464664939,2
9.113316595625315,2
9.590187547892072,2
8.283074050771116,2
8.254914778991024,2
5.253702088995835,2
5.12207314788409,2
3.733778406834305,2
4.393897979395234,2
1.819790115809268,4
12.380941948337624,2
12.377491356986935,2
9.30831830852996,2
10.384620990784505,2
7.483097445672502,2
6.290173115775851,2
6.133139071611855,2
7.717984291785152,2
6.151525309764943,2
5.071928373259019,2
3.3042314381952536,2
1.2610231139099968,4
10.403951015807806,2
11.616679199948184,2
11.414834654288429,2
11.136538482822461,2
8.258705754159946,2
7.438146739826983,2
7.416358545458245,2
5.323006435775449,2
4.178059957487422,2
2.310972481736204,3
1.2470295349551583,4
3.8673310233446063,2
3.198490564937161,2
2.5000252649741164,5
5.068904526568612,2
3.9095560548695376,2
4.5891436818505875,2
1.2474376238560991,4
5.857896903553383,2
5.022210551344744,2
3.4183579058289664,2
1.143342103498946,4
6.4306444080594405,2
4.247554948317187,2
2.6867284757294847,3
25.10821518131041,2
21.619088584924913,2
20.350751302103728,2
20.33899425700136,2
20.941379160997027,2
17.533155521692994,2
17.562111062310244,2
15.553724649172779,2
17.505452382822213,2
11.909064643491517,2
12.342586479996694,2
12.33564392328949,2
11.53970489076908,2
10.577146574244912,2
10.340695711926417,2
8.20729012751639,2
7.787456766136079,2
5.471360344573103,2
6.023488664631443,2
3.9378270993405495,2
0.7231450924909848,1
3.41615149585678,2
4.107982238795852,2
3.5784176451871286,2
0.8184185733779816,1
2.3152269478076577,5
2.8668747508878303,3
2.804997805683502,5
1.5882487919914463,4
6.589304579910426,2
6.9316937277287005,2
5.680432606271897,2
6.425483419868966,2
3.629433601461293,2
3.2755971024062367,2
2.8774356314209815,3
5.893127985684799,2
3.8538397017376935,2
5.946919182663713,2
3.714325420858201,2
2.7830040193592724,5
9.8171467456056,2
8.179254047459288,2
9.006244323283012,2
5.784992221867963,2
3.614518413422708,2
2.5192468593491446,3
0.6772996109880751,1
1.6078199653034535,4
4.449107369927175,2
2.492918482176808,5
5.0462377754624095,2
6.242875629261247,2
5.6574772123262855,2
4.048315018979622,2
2.151299488021553,3
8.045060645390532,2
7.588659270835843,2
7.689369817726424,2
5.9750192229073305,2
4.81831776654975,2
3.9667226992956968,2
3.1480093274052714,2
3.4481334837970805,2
0.2512914128325001,1
2.7279529361918615,5
1.9944684575541756,4
8.581389823002981,2
6.486886500654602,2
7.022028141136572,2
4.80921931368473,2
4.342922284694241,2
3.8061769533766223,2
3.0449353896654565,2
0.2912206750746645,1
1.2800908048955049,4
12.327536475044113,2
9.310118622579472,2
6.969624929300255,2
7.381800709802853,2
6.8447365529140205,2
3.94876704304868,2
4.111728477843154,2
4.753494911155525,2
2.9457453072018285,3
1.6793759143797191,4
3.743775229895693,2
1.965867281972456,4
2.6775783242243127,5
12.090348144174936,2
13.501707871898148,2
10.298708222530284,2
8.42432114516009,2
7.156326771548038,2
7.9143657120290145,2
5.818282758491897,2
5.465384934269725,2
3.0049078957219715,2
2.435751026478685,3
3.1099937975459686,2
1.0846571254040338,4
3.587985101730341,2
0.0,1
1.0851363593255066,4
1.8896806956687344,4
2.9706258887010226,5
6.886428480093846,2
5.891244143345285,2
4.052240975865435,2
5.032009180362233,2
3.6476572412570616,2
1.421929649714181,4
19.04414306222269,2
16.225534314722267,2
17.84236831770211,2
15.431142426772844,2
15.056215302747688,2
13.507409206298366,2
14.185922453618062,2
11.580647510885706,2
11.196562968935707,2
9.407156107060283,2
10.054647835428883,2
6.1758505850259136,2
9.534239767556027,2
5.6028782921808,2
3.8669412126012004,2
4.0450091991921475,2
3.556688879063549,2
1.9216429112046782,4
17.83838574546433,2
18.280627909783252,2
17.945291136689626,2
15.772994293395055,2
14.621958239128075,2
14.04150558965843,2
12.120116160406473,2
9.621408262837257,2
10.35577321464956,2
8.015313845216783,2
10.906388017076605,2
7.605440569843943,2
7.055371299061943,2
4.7519976495031795,2
5.827016022962612,2
3.422185299297841,2
1.606815803293066,4
19.312021719205447,2
16.955514857307595,2
16.546232203679526,2
13.892918730466167,2
14.41991598871596,2
13.626706221311785,2
13.95960936029603,2
10.082007178760481,2
9.790664650241002,2
8.458006232975139,2
6.668336789688606,2
7.749442098260998,2
6.495964087513019,2
3.5449060448149985,2
4.6743307072301725,2
2.2341756271514703,3
1.2511709414007748,4
18.85854000610679,2
19.480425777070824,2
17.853545332754408,2
14.933154352410467,2
15.636955632111736,2
13.871695907300895,2
13.25355797123964,2
14.07645579692544,2
12.242443444060738,2
10.529199269464902,2
10.109655332114553,2
9.625142195986188,2
7.348499952042262,2
6.120082090778258,2
5.615850950374523,2
4.853774193574126,2
3.4249533150697986,2
3.3818939545110864,2
1.373658011255242,4
20.22455978020728,2
17.127099424450893,2
17.646120723736747,2
16.94426433106133,2
14.922599233575136,2
14.552099804980008,2
14.358907960605807,2
12.74705804142916,2
12.648646374251914,2
10.86314217705352,2
11.66483439937486,2
10.712246281089387,2
9.54329033392852,2
7.342031563243832,2
5.358104082830836,2
5.015571254048171,2
5.944488870363508,2
2.272820156093597,5
2.5541646914323035,3
3.073141499373809,2
1.6006868920797634,4
18.74663956315249,2
19.282440567189852,2
16.62303268475584,2
17.70005142292216,2
16.267429718589327,2
15.454215830614322,2
13.30154697970559,2
11.574224513510929,2
10.194326397100463,2
12.735851079592099,2
9.015007765058105,2
9.719110227524423,2
7.509216450082007,2
6.588543864920527,2
5.818313663701264,2
4.762467416857584,2
4.8170214426578575,2
2.078088770451915,5
7.055211805857697,2
7.155616446846025,2
5.330016386062618,2
5.0575421053442895,2
3.906024079609189,2
2.139082207726263,3
1.0894717754702758,4
3.68512699961449,2
2.901200809659761,5
6.325490040174401,2
4.454357576815097,2
2.655103291369166,3
4.6677401761456165,2
3.7694099405952253,2
3.6646265532653777,2
0.0,1
2.5210552753772126,5
12.833479018639212,2
12.21033394116821,2
8.919507488327625,2
10.177897120509924,2
9.247975492017387,2
8.826128621201224,2
7.204443059806343,2
4.910974524059999,2
5.6637621065363835,2
2.691515225899117,3
8.0315784554801,2
7.637369296870411,2
5.095403023432287,2
3.568512310137657,2
5.238916692683056,2
2.52724745489706,5
14.138858835141908,2
11.448760148884888,2
11.113244481139462,2
8.035320347345964,2
10.656498689597257,2
8.312012704908822,2
6.115964990648919,2
6.773941132027946,2
3.533350588203832,2
4.3634433919116775,2
3.5892120907507428,2
1.2874424057330922,4
11.935388641832118,2
13.63465876952757,2
12.376532094949741,2
7.1546457638332805,2
7.835892737252812,2
8.183493125258584,2
5.1640332695692965,2
5.723574270188777,2
6.1308378884874335,2
4.978944179455153,2
4.335489102977833,2
1.4615909821055524,4
13.556312219921615,2
10.05077720093095,2
10.687477126412556,2
9.505114277459793,2
10.07424637908116,2
6.3272464658964855,2
6.244744682318879,2
6.168226801402426,2
6.212890760209649,2
3.780161162475116,2
4.130957354243985,2
2.0264831697608616,3
5.894747138250808,2
6.2559891639040925,2
1.3402825495342652,4
12.913976450345626,2
12.016310769003525,2
12.964552659455139,2
10.956638545168996,2
10.396137029808942,2
8.651165357281947,2
6.527597401804291,2
6.363823279218866,2
6.57723146119737,2
6.0080972336516885,2
4.588247124026856,2
3.5338262387730857,2
0.5578277264343556,1
1.7348586162398327,4
14.8513729274289,2
13.788466211356134,2
11.952896901055665,2
12.005801493384373,2
