4.2446275808901515,2
4.132657919858149,2
1.7615329193275682,4
11.027646273371392,2
9.610308552924325,2
10.13474839839693,2
6.6896967762705986,2
5.0431610805660885,2
5.756309117710125,2
4.549302534951614,2
4.243011306106814,2
3.4884502720546395,2
1.0904878682085326,4
11.393749516910033,2
11.033851515547106,2
9.681598786967744,2
8.308247103892977,2
8.112795511046427,2
5.6751391090737195,2
4.341618404295277,2
4.199994501218237,2
3.536222048752495,2
3.1588202022199865,2
1.3391292777829071,4
11.12070444212588,2
13.157898201425061,2
10.490628557044227,2
9.133103413120347,2
6.5095320653922455,2
9.400026818561908,2
6.961328209686831,2
5.203940349890963,2
4.943813939607009,2
2.7879122124955957,5
9.38015398541552,2
9.646186116817645,2
6.8103170183815065,2
7.70239073718292,2
7.2196634653146425,2
3.9199845522122905,2
4.263332390047796,2
2.1837100904218265,3
4.101931598311215,2
3.3787028394804484,2
1.4081203585981776,4
6.767423316887717,2
6.87450436080733,2
3.6745655595053326,2
3.015068505379365,2
0.9494842100920172,1
2.754153775045331,5
6.793545648678372,2
7.082375237755582,2
4.454453165624182,2
4.761818902463197,2
4.456649000258111,2
2.7954038821399627,3
2.0105218221052548,5
3.5825054887342365,2
0.6610590836121839,1
1.984282340826751,4
6.511466643386027,2
4.877013620592497,2
5.9515401014158895,2
4.666003797595128,2
1.8427328139606876,4
8.728952730058623,2
7.540808618104269,2
5.856393121504069,2
4.0184211838499335,2
2.709571501088487,3
5.420999849570512,2
2.463371439306701,5
2.1594107366281823,3
2.0886854363227503,5
3.35457621813596,2
3.123618665607208,2
0.08429668007078805,1
2.4853136619041454,3
2.8032026273747115,5
1.8032083795539728,4
7.336255461799765,2
5.962762499340914,2
5.428629158296029,2
4.125796881093226,2
2.370610166144792,3
7.562341030665303,2
5.160609941858652,2
4.742273689403118,2
5.3224081336501285,2
5.521405244023535,2
2.287875508211986,5
17.757031838481023,2
17.91829659671238,2
15.165612671225519,2
15.648662557607993,2
13.15704790772496,2
13.356461643660603,2
12.073705054633546,2
11.36399245034637,2
9.814387812824824,2
10.02000372563904,2
8.704525212845187,2
8.023825258851549,2
4.483032945550216,2
3.7937433450911784,2
3.6210468984220183,2
2.148632471755493,3
10.849269519436293,2
11.182661532531172,2
11.51747190625643,2
7.923526748507784,2
9.16902015802383,2
8.306514121232151,2
4.949101185663081,2
7.255800988879403,2
3.4110080162768917,2
2.4431525695747824,5
8.369182881266656,2
6.851636445308279,2
6.915122154348793,2
4.029874931284859,2
4.456952457494491,2
4.287012251444423,2
2.3763702383607352,3
4.2861686542372945,2
2.130395635064143,5
8.268400089410827,2
6.496040584308938,2
4.576545911476838,2
4.626235846246844,2
6.002001981221044,2
3.6702353760407633,2
2.23358226719215,3
7.815879175137918,2
5.407185051985991,2
2.5921141644707157,5
2.411139061487053,3
2.887551519324868,5
5.307393195164723,2
3.6142066377814372,2
0.32976631299861525,1
2.6336131965353267,3
6.313661944362773,2
3.0160095706930137,2
1.6008883863673218,4
9.136676737514263,2
7.491599950691086,2
5.8237374300061715,2
5.725568887693867,2
4.832219282320106,2
3.4773441849436195,2
3.2389002820554955,2
0.4684419406759333,1
2.9763344793616837,5
4.3571757690703725,2
3.3574541410547547,2
4.389251798307045,2
1.9548329526941048,4
11.202091634860563,2
11.18264950358433,2
9.70544751512869,2
7.864870294784512,2
8.845359133564061,2
7.715514454146165,2
6.2815813477015485,2
3.581925006406963,2
3.563083029101163,2
3.4030166022488686,2
0.7257462938095973,1
2.0470743494573678,3
7.145516100046805,2
7.766019756630324,2
5.564915101373129,2
3.0858027196253666,2
3.9284527430022735,2
1.1310278696748977,4
17.489160870423568,2
17.06291740910553,2
17.577155378599734,2
17.430905891930607,2
15.673115670453107,2
13.954190503543133,2
12.497659911974097,2
12.905520779660135,2
11.979945601177276,2
11.031253778110075,2
7.4710168663933345,2
8.815812180810143,2
7.595008127414228,2
5.070195827791892,2
5.886318026441884,2
4.8224408081917485,2
5.6584052734604064,2
2.0731238924240682,5
1.7490075564507108,4
1.713006111066654,4
1.9104538226377663,4
3.5895415643584614,2
2.1876471079480893,3
8.583252497333165,2
4.932137330148533,2
6.076176245398941,2
4.7119154415635185,2
4.628194414561014,2
2.7936721665246056,5
2.2013239093441404,3
4.235243582174565,2
2.898087333966536,5
2.531618472862429,3
1.6976161388433622,4
20.300137326308906,2
17.95463494752867,2
15.979820401459813,2
16.70869691143661,2
14.266425822488895,2
12.76589459806065,2
12.635664497347095,2
11.481171838078554,2
10.90542517369801,2
9.678784077127034,2
9.34178692517874,2
7.230289127866894,2
8.591850755426751,2
5.929615367973741,2
5.968730482738472,2
4.3866001760041256,2
3.290335097811933,2
0.4643549978014576,1
4.699420788975383,2
2.7652863615119267,5
14.755520960434337,2
15.440930191761739,2
12.869890152552994,2
12.080165532527705,2
11.451237916438027,2
10.666003266386411,2
8.910741837063163,2
8.298242456824282,2
7.2361906765182,2
5.612473210542196,2
6.211710507726434,2
5.626873646056766,2
2.2070804793797216,3
10.074176840708605,2
7.791760467957054,2
8.125780586449626,2
8.1070591918852,2
7.161086329730448,2
5.173951267487661,2
6.001026904570375,2
3.8865064960525855,2
0.9828220524942588,1
2.2988258318819703,5
4.296653223068772,2
3.4528742981992004,2
0.6507886437008636,1
4.139050680709367,2
3.1806691666718465,2
2.0577096908781893,3
1.1123628595233266,4
6.4980196134190455,2
4.971389077590482,2
3.277591376476673,2
2.9655009107134798,5
8.782175356317051,2
9.504895247718117,2
5.775212628901269,2
5.967085696974879,2
6.042797610400058,2
3.8394359681177392,2
4.7555602418251395,2
0.8988962884451195,1
3.0002221603164267,2
3.4949142212896915,2
0.9904032727411358,1
3.5241473726721058,2
0.0,1
0.1619066329537946,1
3.247645763541114,2
1.7810920629969609,4
12.174473411443227,2
10.540844045327237,2
9.942407665103833,2
5.647339010070491,2
6.469495185926049,2
5.112112778869563,2
5.764438731957789,2
3.3582799253931164,2
0.6657449543644582,1
2.6048708110860748,3
2.29730535048039,5
2.4460604057944053,3
4.523010512238021,2
2.9641727726887845,5
3.163063451884032,2
2.7328825604993843,3
2.3638105317064726,5
1.5498468623788435,4
10.054711105872792,2
8.651588775450115,2
7.631716699062867,2
7.320552447971231,2
5.738937182041143,2
4.919153347823221,2
3.7743644142590753,2
4.232062544051543,2
2.955462312723061,3
2.451009973234435,5
2.0723745138142005,3
0.7109139747964541,1
2.1539044937776994,5
2.1995124877006607,3
2.0082352719678767,5
2.6718810596119056,3
3.624881287934056,2
1.0874556603583136,4
13.663175607798715,2
13.315004410198615,2
11.466236530691676,2
9.398012901802847,2
8.552044308464923,2
7.221804817317962,2
7.005734697349727,2
6.136230362459362,2
5.945135080327478,2
5.190887791186062,2
2.2936201155894635,5
11.723954124374984,2
11.440762478210983,2
7.522920891977043,2
9.120078399649154,2
9.605832978253328,2
7.509462709496146,2
5.273925379679861,2
6.761868929005974,2
2.2158941038251956,3
2.7505045951080738,5
5.568020366801819,2
4.514936615596222,2
2.576613699437382,3
2.0983100835982067,5
1.3702385745560226,4
14.554951342153013,2
13.55900640891806,2
11.966596408236231,2
12.846111293300945,2
10.733890094648508,2
10.664712960866307,2
8.431802508997372,2
5.819531185406923,2
6.192187106652286,2
5.344348317067804,2
3.3883775438501624,2
3.1651728804519035,2
1.6657607212531127,4
14.334090701921607,2
14.096402804817505,2
11.49087826147892,2
13.235721263720244,2
10.211362528703727,2
9.293400006321614,2
8.560463941423937,2
7.8891993145361266,2
6.4440152718913675,2
3.801871679930576,2
6.803959057462754,2
3.5290255113078417,2
1.6340285415386009,4
15.572742945500435,2
11.997725627460468,2
10.752181951858551,2
11.194979817648731,2
10.163434877378052,2
9.035499051350682,2
7.666022844708724,2
5.031747636352696,2
4.7037912740525964,2
3.174821224016145,2
2.9377481202902462,3
12.471906340447635,2
12.097232324300895,2
11.197623160735205,2
9.58436826194382,2
8.215314396929246,2
9.199816870223056,2
5.513005786151967,2
6.6489853496388704,2
5.14552065253333,2
3.069433889543153,2
2.1716302313763047,5
1.2204833902157937,4
10.297531556199877,2
10.868265469437649,2
7.927734035738259,2
8.591529590428102,2
5.440585631386178,2
4.44107732993024,2
3.7961755898083114,2
3.780486102113603,2
1.3820658240954975,4
10.096513913775228,2
8.138463146722977,2
6.7300733910532315,2
8.152059173110759,2
6.198564233231777,2
8.394241031704565,2
3.579143792448469,2
3.570459038318581,2
1.194321437974946,4
10.804468465183929,2
8.925317147772054,2
6.1981076917978895,2
6.8976972097400235,2
5.531642941543377,2
6.605923064809178,2
3.3988750690989313,2
2.92805233612964,3
2.364753143933134,5
2.3025183531369384,3
4.212927162998857,2
2.171362833575981,5
4.091951848560751,2
0.0,1
1.1085374115161606,4
9.91508491091448,2
8.081515650809079,2
8.00543925057909,2
5.052730373427417,2
5.012492677026933,2
3.6407677106685186,2
4.254550307338787,2
1.1957097444006908,4
9.354670088112105,2
7.871256082654222,2
7.104097705057379,2
5.312624463328742,2
5.083897116845208,2
2.6136467852049456,3
3.4881394568238533,2
3.8338040484692018,2
1.594436697043679,4
13.268559735616064,2
12.756490596775606,2
11.169333784929519,2
9.596920350737944,2
7.444494665283041,2
9.445809134493832,2
7.639111639400687,2
5.6218082653103165,2
3.9495698005458832,2
1.9516519906705283,4
11.072386370194128,2
10.373580158037583,2
9.27191204994356,2
8.95152206877597,2
8.756562845712171,2
7.291702140384268,2
5.608359909785554,2
4.450023968428477,2
2.68471284437277,5
4.974789665958619,2
2.3585715081575853,3
0.8565974569506052,1
2.5063660037919604,5
2.336649816208702,3
4.366635144664449,2
0.7357488848778384,1
4.0885355461635084,2
2.0670173342337,5
1.7122172302834795,4
8.43184123927254,2
5.96062099792696,2
6.071801534326398,2
5.167050748392018,2
4.688857124620827,2
3.7315295904226575,2
1.4223314165335483,4
9.171722149492725,2
5.486026352732595,2
6.5658518888751685,2
4.472447843075373,2
3.710067725650901,2
5.190799162835863,2
2.281943485874048,3
1.9263234496786488,4
12.725062092590797,2
10.893712686538832,2
10.264970928074753,2
8.593248667298921,2
7.657770979146844,2
7.09063567856403,2
6.91016127987188,2
4.739332010965922,2
4.935572254658312,2
3.5198977146582093,2
1.1131516162993649,4
13.575192474176806,2
11.047125568864734,2
9.151421646705417,2
8.401340689299968,2
7.032313642112997,2
5.759854878024403,2
6.215410199995947,2
5.2631651572664095,2
4.192026490499936,2
2.1862745690807355,5
1.1077933394024186,4
8.065971218854854,2
7.9310461384644775,2
5.765135397694705,2
4.585981756451201,2
4.283978997594401,2
3.3046364756801965,2
2.547924435438546,3
3.4616112195429714,2
1.9912405817543868,4
13.096941552079453,2
12.586125496558305,2
10.595210405235935,2
10.530041642837553,2
10.254869629473289,2
9.050993955493718,2
6.639528144061357,2
5.718811530066552,2
5.7558529822090545,2
2.6067729058365923,5
20.4959158029275,2
22.78694481894656,2
21.041204959549393,2
19.94846997730561,2
19.27630596936389,2
18.781636164436293,2
17.441217166458685,2
14.221222459174786,2
15.011059296898374,2
13.977886311302663,2
13.883422958935704,2
12.213651527996749,2
9.874170559295985,2
9.26040395703606,2
9.360448645992706,2
7.426165543600268,2
6.327705827590908,2
5.88041175677217,2
5.297056898749085,2
4.639513620188545,2
2.4243343609188512,3
3.841499244091744,2
3.5111442184010966,2
2.5861839848605213,5
12.867764141838407,2
11.78874232161902,2
10.836080981976023,2
9.541015127177609,2
9.748683601662687,2
7.241281629373307,2
8.081790654561875,2
5.5102477481685765,2
5.444611278498068,2
3.1765947089905424,2
3.138688695827092,2
1.8275682275878729,4
17.746830982013133,2
16.529362624193734,2
16.030439050316698,2
15.394079841162505,2
14.88913670713041,2
13.599538274492748,2
12.99692049907578,2
11.237537855807496,2
11.455367168583699,2
9.350873543352886,2
7.1052011564875865,2
7.449637804326778,2
6.440495604291086,2
4.719108699150984,2
5.026617517064324,2
3.490144792987393,2
1.9455239441041925,4
18.792357606308816,2
18.48889543019628,2
17.015204353627556,2
15.55015216773448,2
12.806374265501564,2
13.436475597944144,2
12.991891504049274,2
10.39083073446252,2
11.338981534318776,2
6.6337288408769,2
6.780815501222081,2
6.721620929817588,2
6.516089795541039,2
5.350707584277342,2
2.7741318680432547,3
1.9302449412218263,4
16.364784092213142,2
16.519823442282103,2
15.26196732001268,2
14.310627454373995,2
12.007721117685593,2
11.821154468612358,2
11.49258833670818,2
9.787466127544832,2
10.181417908063919,2
8.171220131886367,2
7.371698382252163,2
6.116833845362441,2
5.744343229400794,2
4.286011634185515,2
2.479496753111191,5
2.5650536427814363,3
3.347672225076672,2
2.4702741461719238,5
2.1716985216862703,3
2.045237116731211,5
4.0791892154547895,2
3.81134284725934,2
2.7949302249331462,3
18.48795734837108,2
17.603721655401046,2
15.521896793702481,2
13.961042125896853,2
9.894680141628836,2
10.937693867235515,2
12.797458159329553,2
11.09212536542543,2
9.146815789263579,2
8.900682378361516,2
8.49103406651033,2
6.876430484992012,2
5.644014762817588,2
4.664561467249289,2
3.6114573548445232,2
3.9978091248540317,2
2.1276635846244525,5
16.524756894239562,2
15.497459595748953,2
15.790243560170145,2
16.139556986315807,2
13.648800368444247,2
15.512853428473564,2
13.04042726562106,2
11.539673643948325,2
10.43890536878813,2
8.5657748860013,2
7.504289707418848,2
7.660049647116384,2
7.022318604690876,2
3.45778227733361,2
3.4061795904337817,2
4.149789219342616,2
3.0657302726079383,2
0.6347689775798002,1
1.279936845347406,4
20.99838389203114,2
20.235135376221734,2
18.85944564685558,2
17.463017981194547,2
15.690165261455789,2
14.297561763120134,2
14.142382145187206,2
13.730073813201724,2
12.169909420020444,2
11.915578499444793,2
11.09268593089612,2
11.005648287534378,2
7.858254827417258,2
9.4175443608132,2
5.744296078717692,2
6.315148679884441,2
3.847583042871489,2
5.4980310165515665,2
3.2118519070751304,2
1.857569136608836,4
20.591130155362624,2
19.664641215628293,2
20.66495251975321,2
18.90069827365677,2
16.049244317942463,2
15.849645892720206,2
15.956308977359793,2
14.069544990788527,2
14.135074629377975,2
13.176260495908945,2
10.621925063700132,2
10.565127353290864,2
8.045864235931893,2
8.930510221058652,2
7.378369829234758,2
5.472703364351061,2
3.0948509218814393,2
4.560332076546072,2
4.101452149652835,2
2.634592131141844,3
4.857394695720734,2
4.8454394150280375,2
2.469026507596099,5
9.413687175412628,2
8.007911825385081,2
7.0991783377767135,2
7.009970923527543,2
5.411814207031199,2
3.3294898608526813,2
3.6053689427041418,2
3.217562209543883,2
0.7301737473470318,1
1.6753619708449057,4
11.408930296864495,2
10.3434217129285,2
8.410911339745768,2
7.905710856026344,2
7.0402713947679105,2
5.948424723260222,2
6.0343007569812945,2
3.2912301079510917,2
3.8747166891393383,2
3.3343630466615553,2
2.8499106321805403,3
11.838961327506693,2
10.468448255839727,2
10.090895561980556,2
7.552761893226143,2
8.586454456250413,2
5.052172897708148,2
5.6482813583956695,2
4.560705034470702,2
4.906873159151106,2
4.531420895490769,2
2.621359264618809,5
6.199382493392208,2
5.424054472266547,2
3.2735867115108968,2
0.0,1
4.336783715689904,2
2.8669995821450933,3
11.886477418747921,2
8.52495744368585,2
7.508901453634418,2
6.716076795017371,2
5.007896390480611,2
5.52637476121841,2
3.649732949219316,2
2.2104908136174117,5
14.036707165061125,2
15.189557190528095,2
11.367899850011167,2
11.417165257122091,2
9.444957210417057,2
9.354707868197572,2
7.866288585219622,2
6.73542973806769,2
5.238730247445538,2
5.8286050907656035,2
3.0519355050440606,2
4.407529090101387,2
2.9752018319818485,3
16.61183053821891,2
18.043665997642268,2
16.522363454875634,2
15.444122954138011,2
14.658370367471795,2
13.056947299223292,2
12.147064556057328,2
9.844672227204851,2
13.029751403855872,2
8.055175126818071,2
6.978235181161993,2
7.528225694421918,2
6.384595567833709,2
2.8470861980481166,5
1.034338136896074,4
4.9638449524020025,2
4.889310430269644,2
3.5529984411849287,2
2.400099447404055,3
5.310076675717342,2
4.605887518639952,2
2.6545848226445417,5
1.362092588860926,4
2.8158737472789643,3
8.518244538500266,2
6.110236432450843,2
5.486307352613387,2
5.81755636815524,2
3.559603593995769,2
1.5442889159497482,4
8.012199727764393,2
7.8291395282458724,2
6.576943857411816,2
5.340799199949555,2
3.7726044037320787,2
0.7202445054733055,1
4.116893105140614,2
3.9582530131128197,2
2.098585785981561,5
2.0759966686813525,3
2.5893023233359904,5
3.303507389504401,2
2.7959794746701228,3
6.905862843480496,2
3.9157424303052326,2
3.1773283184420382,2
1.9772935396824447,4
11.303900206870253,2
10.652112345450334,2
8.914596934269875,2
9.49990865052874,2
6.942304715635943,2
7.174532972149299,2
5.335277998796156,2
3.763428461736285,2
3.7186966013753953,2
2.219910696539936,5
7.490243465019205,2
6.948267320921395,2
6.5345006291477175,2
4.736767549764063,2
4.672696152316702,2
3.6751388860188214,2
3.1467361127820297,2
0.0,1
1.4585001602490777,4
17.444340313835646,2
16.15543126365385,2
14.637878713194606,2
14.185803121885,2
14.919709701764335,2
13.516716177961335,2
12.30664922294416,2
11.566650583944721,2
9.117564183098873,2
9.343331431717537,2
6.861255032162539,2
8.234064284205147,2
5.644854553606124,2
4.918841791810812,2
4.133001686698188,2
3.3738424513583882,2
2.447812403212727,3
18.359200046385926,2
19.81603199169632,2
19.20331339873741,2
18.58518391773222,2
18.608762345661603,2
15.512888691289382,2
14.770780428727852,2
12.808959936931595,2
13.17627235695039,2
11.305436805319848,2
10.725241710686232,2
10.193486863678686,2
8.744664461616196,2
7.836833138370474,2
7.047486029739697,2
5.684175561290469,2
6.547446663767954,2
5.745807318014088,2
3.620981672330548,2
1.9014221026925917,4
22.679041155856194,2
18.78265836959674,2
19.52203499760809,2
17.559708449769644,2
17.285916970639374,2
14.851945201606808,2
14.466548894927804,2
14.26299395321305,2
14.545339376085286,2
11.813947589590823,2
11.234942222709083,2
12.42692485904624,2
9.708799390849912,2
8.510899877323064,2
5.831284075298454,2
6.420005768208133,2
5.479711075968252,2
3.9137903695294125,2
3.761971093151876,2
2.8610546494848643,5
19.121503367932068,2
17.834359735146805,2
16.84295265795592,2
15.94432892720033,2
13.139822178995614,2
12.635067661030787,2
13.1906320573515,2
10.130066282790525,2
9.342009095913536,2
8.553535171926447,2
8.714914514573525,2
6.795884213534813,2
6.511733760993142,2
4.6662699056004335,2
4.13456914064199,2
4.283506310339681,2
3.7248605782990287,2
0.9005701518727748,1
0.008098686448080983,1
3.1599604549202205,2
0.6333611329947562,1
3.0114375906419686,2
1.6741748919659187,4
17.901570865501046,2
17.700834240436187,2
16.58471623970498,2
15.913385456543262,2
13.718425345859805,2
14.138552168402873,2
10.654565186676027,2
11.303190299542743,2
8.057336991262519,2
8.609795816089918,2
6.29816343207548,2
8.097691057465456,2
5.748891317362858,2
4.581261404137887,2
3.0033821231570665,2
3.283649553394413,2
1.9142865763978232,4
17.25718156849737,2
17.417162015788733,2
15.133595641760573,2
14.130613432097825,2
13.70380947540395,2
11.498807888589099,2
11.05392237319469,2
10.95554796805682,2
9.89083481960242,2
7.6834544444846475,2
7.452045871486871,2
6.39534866298262,2
6.291363459863327,2
4.390771577168044,2
2.9219543063287725,3
3.3251620631228382,2
0.8390978764453836,1
2.786732385563249,5
3.0279097192961038,2
3.5175518634104836,2
1.1748258743063598,4
17.731524017656763,2
16.038354272747686,2
18.198216579143764,2
14.656087018191483,2
15.970064896796579,2
11.99365225105091,2
11.962287768724332,2
9.744337607573536,2
9.626667289656648,2
9.29508953878341,2
7.5735695587134115,2
5.524663245862632,2
4.311563031044045,2
3.4671737168466015,2
5.506412081149386,2
4.3714983286809295,2
3.0711412138193834,2
0.34253548061258443,1
3.416516530328292,2
1.4571411748321978,4
18.387812241574316,2
16.202213165773962,2
17.928930655124212,2
16.506991691443982,2
16.499255887491884,2
12.921666140117226,2
13.841727117703408,2
12.156230073259401,2
11.197179998679097,2
9.73889581885785,2
9.729365844150118,2
6.885683447780254,2
8.722220201407342,2
7.832244458425494,2
4.1819361794517675,2
3.058703479028428,2
3.815788229789995,2
2.41755269893828,3
0.16224799922422006,1
4.005680647204556,2
3.776555034286889,2
1.0068551824943046,4
24.7691100172196,2
22.588756275345503,2
18.669340918487087,2
21.295659347538177,2
20.223004983721708,2
17.241731125379214,2
18.361200377135702,2
16.118835432000605,2
15.180994826733755,2
13.884908956881349,2
13.381404928388053,2
11.035921162176537,2
11.840421151293588,2
10.417453847856622,2
8.033017672998305,2
7.511496022804001,2
6.559792267814952,2
5.696308659266964,2
4.033367056069638,2
2.7632504300140672,5
3.719381032417719,2
2.140756624640156,3
2.277773004403001,5
1.8758541958815984,4
4.282863171267299,2
0.0,1
2.00970185298066,3
11.391083876718753,2
10.73544063477844,2
10.361582295952115,2
9.304438735255637,2
8.141765154741295,2
7.964378582692804,2
4.1760306220426635,2
4.432860924185556,2
3.70740953968202,2
2.0319232365065485,5
3.6720280578629363,2
3.5037317766218705,2
4.663807670243005,2
2.497550721747139,3
2.5762618274227806,5
2.4981318609488383,3
4.6496169989865805,2
2.4332206698223127,5
3.071890393738668,2
2.0971370771828424,3
8.078056953406152,2
5.040829921574424,2
4.667845899900937,2
3.5373791272006123,2
1.8015970879176573,4
6.702193834802939,2
3.633622647064549,2
4.478037667469397,2
3.166058546699952,2
2.810273682430675,5
7.251959217445524,2
5.750081879373558,2
3.715999086402323,2
4.109661165318449,2
4.032667294664448,2
1.2045134913262157,4
7.3508664182321795,2
4.875274754465501,2
5.123134902978274,2
2.935144088455901,3
9.796004209114274,2
10.441593971747796,2
8.30449816391678,2
6.488792930429714,2
6.840911693595741,2
3.5778911421718482,2
3.795504941086672,2
2.8413648709729586,5
1.2581683227362783,4
20.716020360806407,2
16.444840814491958,2
18.552411389532786,2
17.477981390574413,2
15.646763194902098,2
14.706153894385645,2
12.904223100313644,2
13.363805584416866,2
13.102390093398386,2
11.024350280297053,2
9.02166235206883,2
9.57787982307888,2
7.978094552984416,2
6.836336543556329,2
6.118056220996684,2
5.844518412522555,2
2.2485180540125667,3
3.100548489079371,2
2.1611112773001766,5
23.80926988965641,2
22.309716506632867,2
20.97517565982628,2
20.557075503887933,2
19.793612548265795,2
18.560854206923413,2
17.20451454456685,2
17.016282754540757,2
14.237255275205493,2
14.796760419380385,2
13.178136174122734,2
10.170133944575463,2
12.440495744788036,2
9.550570754546326,2
9.958708243671195,2
7.417967378559599,2
4.967203352478972,2
8.2017921192167,2
3.4661387109856827,2
3.228119111411589,2
2.605663495244386,3
20.498427192399173,2
22.103929431808208,2
20.82602556142794,2
18.518228023833586,2
15.027036686180418,2
15.933388040351256,2
16.855776873756813,2
15.855943777310708,2
13.18755623973603,2
12.764124338592856,2
10.144526916781526,2
10.564034781909372,2
8.082770364075747,2
6.827002839509198,2
6.295620999923608,2
6.904784552359338,2
5.158247357491356,2
4.091811542342526,2
3.275944141954939,2
2.4060257768371214,5
5.596042335608149,2
5.883558092950448,2
3.57202413102,2
2.2879650788797954,3
4.362558617948716,2
2.4867172243118523,5
3.1851114231204622,2
1.4953935653235275,4
3.756036782521195,2
0.968528080284356,1
5.779135161021364,2
1.6464435904605703,4
0.5941614131117996,1
2.468152382827027,3
2.5336044725410494,5
4.661719138525876,2
2.2121238880470053,3
2.084760672325358,5
1.9658821705929137,4
1.4047404381249002,4
1.3829216025280409,4
2.2207022865670103,3
9.821989857081704,2
6.464633467826668,2
4.374093662559112,2
4.817202854897082,2
4.602215116208995,2
3.314951978187512,2
1.5294588858226137,4
8.08657025716583,2
5.532147448616233,2
7.113490124435215,2
7.113593202074687,2
4.379040709043572,2
3.874251929777369,2
3.2960440070592987,2
2.307989852901642,5
3.2576977453907467,2
2.0721779071185056,3
13.161514580835187,2
10.722529994629168,2
9.73821437115621,2
8.871786473489443,2
8.683539904156532,2
5.812774354629696,2
8.362324233582623,2
4.694815738674047,2
3.595019462090032,2
2.755729604031968,5
1.6257978021485624,4
3.3586376279632635,2
0.7011975016019072,1
2.2500638191489344,3
17.787829811148082,2
15.907632270138853,2
17.222461202123977,2
13.872289379345185,2
13.3970611909963,2
14.591181459381596,2
12.264227416808536,2
12.415394785760661,2
10.836563846756368,2
9.054987980775886,2
6.4467433759915815,2
6.25200504595374,2
6.93746381919755,2
4.618837512927338,2
2.6753957719831485,5
9.528661094384068,2
8.992562607866477,2
8.08602758372332,2
5.421695074939346,2
3.6548937225920017,2
4.177957651177814,2
2.988676123997335,3
5.919278251402565,2
3.083332238106393,2
0.6030323336955614,1
1.855349576691936,4
12.366958064014245,2
9.687131426077489,2
9.74924686190371,2
6.235680809650616,2
8.054914844231948,2
6.2478818912113425,2
5.242588569845885,2
6.035590417278223,2
5.101629175271594,2
1.874121351555932,4
12.476256484967596,2
12.343740203090222,2
11.036735330184417,2
9.421907226836213,2
7.580344738490536,2
7.8709639886358715,2
5.888438776401455,2
4.881272749421134,2
3.8646307597336302,2
2.720722353006419,5
13.988122951895047,2
12.356228403279125,2
11.883180067162876,2
10.256986365617387,2
8.246647510544909,2
8.86296712684806,2
9.08170035187036,2
6.7382918665613305,2
5.827319145462347,2
4.335342841114098,2
5.847698699733128,2
3.460146707408895,2
2.193254585334678,3
6.6358331579973555,2
5.586111608802849,2
4.584749233798929,2
5.073279633038674,2
1.261000024813863,4
8.827159280884716,2
8.022974305008049,2
7.966750130617791,2
7.256847830452664,2
5.798258639084397,2
5.748441909858836,2
3.5226398306152094,2
1.7644747909660206,4
8.712542548671795,2
7.410567535991907,2
7.558382076394631,2
7.444995101145606,2
5.5706121071455375,2
4.553079397563964,2
1.7012011585669888,4
9.0941860389079,2
6.8168110036535285,2
8.668729720519137,2
4.888302736301863,2
6.823543496882397,2
2.635972637301541,5
8.938781247964842,2
5.3343592224195024,2
5.665551658715334,2
4.227712100217556,2
4.465716585424263,2
3.8562384830059626,2
2.3091108404424663,3
1.8506010992951707,4
13.489296159635293,2
12.093324237604469,2
11.558221311261976,2
10.964495520638916,2
9.485604413062447,2
7.052928814892047,2
8.554052155245408,2
6.852355900305848,2
5.203162630401561,2
3.872724083303561,2
3.59468722635467,2
2.314675012685486,5
4.564492554291016,2
1.79666237906117,4
5.493518801393241,2
6.387808797247442,2
6.101313835788541,2
3.7398613853640192,2
2.5095273136650755,3
6.948514488344713,2
4.3448245561118295,2
3.4536103192873338,2
2.3468137450921938,5
2.9359914077270397,3
3.595514977235892,2
0.292961203077424,1
4.655396502221898,2
1.44955675297839,4
12.317682580576491,2
12.174504857150849,2
13.03994901313813,2
11.097980180115256,2
9.675869642872012,2
6.946782315575513,2
7.405897940021548,2
6.547580023823732,2
5.482185352845365,2
6.1108766804950365,2
4.551425649662979,2
3.6989870299680416,2
2.4406589886030328,5
11.055914612626472,2
11.355152974087353,2
9.28994197935032,2
10.56425177151755,2
7.232386916829181,2
6.36194682647813,2
7.845180366485028,2
6.702803852295483,2
4.279251422118275,2
2.3200625832232085,3
1.2406354128219859,4
10.493569269681355,2
10.681109639256329,2
9.094473866417882,2
9.805481023086738,2
7.182080640974392,2
7.3472521918202816,2
4.548444301539585,2
3.227154972037604,2
4.05338060378906,2
2.193265457945857,5
2.7935338115416912,3
3.065409469042492,2
0.1980804795827127,1
1.943963191206636,4
10.19738136887516,2
11.625806295237437,2
8.077405872793607,2
10.151167378555805,2
5.914692243244731,2
5.1843805965643055,2
4.94704811124191,2
4.755958397126247,2
2.7039046561648927,5
1.10103900380175,4
12.889499548028786,2
13.738825008690698,2
13.089259184988606,2
10.61914394839816,2
10.192354098322145,2
7.90205315474139,2
7.151351165979097,2
5.962764018386293,2
6.9222368398300205,2
6.544578292328074,2
4.901792766091188,2
2.301258075042564,3
36.219101668563425,2
34.241998426412934,2
34.14487056745325,2
31.463022485528878,2
30.105125921342047,2
29.848815946744317,2
28.188171941826692,2
28.45921220857484,2
25.761596993180188,2
26.685864788997755,2
23.88837728717101,2
24.51152212933582,2
20.373745429605503,2
21.44531772222507,2
20.388397518647796,2
19.372358253016642,2
18.27345736164948,2
18.063502642411468,2
17.11816172139297,2
16.77423213910659,2
15.14600929495973,2
15.685015802034615,2
11.995817678170324,2
11.702386525075779,2
10.905650605321775,2
9.650843332260528,2
8.693677315405871,2
9.50087030151476,2
6.784409900570274,2
5.916506671214969,2
2.704532303711213,5
4.0065843903515805,2
0.8940130028246904,1
5.859236809225145,2
4.371608140355056,2
1.2530760129915324,4
9.207803220460383,2
7.704217090598178,2
8.352834887441348,2
5.337889387824778,2
5.783735665263263,2
5.039195459461064,2
3.3543600146088477,2
3.7974416487214526,2
1.9924553663989373,4
8.860204994531834,2
9.825296432464313,2
7.922662533149508,2
8.150870613804049,2
7.5014456651648045,2
5.114807160202129,2
4.6462937427395445,2
2.5791407117637783,3
7.756025772812135,2
8.280389081750917,2
6.3685645210228445,2
6.75301583823645,2
6.734991898835427,2
2.136318815225488,5
3.188142916285296,2
0.0,1
1.9455901274781429,4
1.1872033179418473,4
3.152280388472384,2
2.380239274948535,3
5.8659420093250585,2
4.115185556845513,2
2.404429928752473,5
8.395747490555085,2
5.858385783915206,2
3.832296650300128,2
2.6068492935747063,3
8.036935868673616,2
5.332616254750843,2
2.1994426720745897,5
3.1405922213440727,2
1.2263874671684845,4
9.577006495754539,2
9.478764142509254,2
8.784342845484192,2
6.971536229090438,2
5.896153880823387,2
4.007515802232843,2
3.167842299285117,2
3.0211643963559287,2
0.8214427316912367,1
3.2964553771550444,2
0.6805860089439073,1
2.869488703429683,3
4.227991584029705,2
2.542964005811089,5
6.025150305646298,2
3.818072051486564,2
2.1521711594474806,3
4.288004691585352,2
5.614291877603001,2
3.4137771620608643,2
3.377669521123178,2
0.4603117127997245,1
2.9104720739037973,5
15.449351331058494,2
13.229227155614453,2
12.002421102185691,2
10.725740022492177,2
7.595554907043943,2
8.45032366175754,2
7.280210710942459,2
6.9178794713447775,2
4.8703056441702826,2
6.614299889923542,2
4.485548258423176,2
2.694394666882176,3
17.516137492957952,2
14.017704081544965,2
12.55932174838032,2
10.438055944645232,2
12.127978232266898,2
8.866783682045819,2
11.760479511392699,2
8.070574981225167,2
8.765150509877426,2
5.442825917372469,2
2.5813836913207395,5
8.843556363720792,2
8.651737589671592,2
8.10195179235874,2
7.271566685688446,2
5.7345457483720335,2
4.5933968172378465,2
5.059110843840337,2
2.3848485451577406,3
3.47427129012626,2
2.2358531874697216,5
2.933780590386406,3
2.873533304902973,5
5.987361909262545,2
3.749474007915172,2
2.0659065228020794,3
3.808105520286981,2
4.206389681643716,2
2.663695216739548,5
4.066413366367098,2
2.8542568726486004,3
3.3686625722890238,2
4.103592213812853,2
0.9981219752202236,1
1.42546654272313,4
3.225823717432584,2
2.1171954939432585,5
3.39393374123509,2
2.3478428065892363,3
12.4488328061113,2
13.21050315628728,2
12.050539455310162,2
10.174868367871342,2
11.139815970882957,2
8.563851319255729,2
8.608927722145772,2
6.3026655970039736,2
6.052420437241337,2
5.474907834045147,2
2.9628881903229125,5
1.4745895663016766,4
3.380038004685468,2
3.3181027269017127,2
1.2351178956252054,4
1.3006781374466252,4
4.630318051247652,2
2.275926353293642,3
7.314904771184911,2
6.950980697185569,2
5.9261591368794955,2
3.723073903168415,2
2.5418084288656866,5
3.6024911602042664,2
3.498586798921111,2
1.294077287843317,4
2.7173867388877397,3
4.154902052166364,2
5.840232038936538,2
3.9742816296451267,2
2.589194371314067,5
4.695323381800366,2
4.294461983553289,2
4.944859717726752,2
2.874431657263244,3
7.664664303099105,2
8.265871328395841,2
5.298875845227384,2
5.383052351484981,2
4.334313223927637,2
1.3952650048117765,4
9.890372551876824,2
7.0077515441297855,2
6.488098361345793,2
4.931608911323083,2
3.2729359629667085,2
4.159627766286108,2
2.034719829991923,5
8.481920093993699,2
8.11859237807022,2
6.194599946975963,2
5.886082249224132,2
5.233733967557631,2
3.9610878631933018,2
2.405236805339645,3
1.150196743346335,4
3.7503083893541467,2
3.539583490060926,2
0.0,1
3.3044135480932963,2
1.5805573106356108,4
3.013425116607846,2
0.9724309674360244,1
4.6170126622259255,2
0.8264413901769978,1
3.5581601521147403,2
2.851050802317614,5
4.3460869407904115,2
2.1234921718099264,3
3.063501718664653,2
1.5090089623057918,4
11.132226342666204,2
10.850344962617996,2
8.039172343375595,2
7.922866780119418,2
5.035458608909686,2
6.1760605838421405,2
4.797707852064105,2
3.8840832031542334,2
2.248701465452272,5
1.8578130352715063,4
2.3764882167233266,3
7.448238907800108,2
6.051252630774307,2
6.4197528586725285,2
3.6416523880511233,2
4.49318258053813,2
4.111828780748948,2
3.1327653909040727,2
0.0,1
5.038367374424707,2
1.9564780443250325,4
9.544277553793195,2
8.286982040449136,2
8.50104292499735,2
7.211460704423384,2
5.1598675076069815,2
7.3837192800590135,2
3.5083851216029984,2
3.1870108112317204,2
0.7217087007694987,1
2.569747571602124,5
1.1225305790909044,4
3.1276067459081656,2
1.3468715353476444,4
2.5819560701090296,3
4.529224319246407,2
0.6693876824260276,1
4.486896082792189,2
4.07833768410056,2
1.590324431615319,4
10.2540965543697,2
9.618961660567386,2
7.405361219610647,2
6.82174041469855,2
6.571415275872807,2
5.4481071420947815,2
3.4736421630931607,2
3.086670071338037,2
1.347038483176783,4
10.744639532117851,2
9.593158658822349,2
7.908284022887268,2
5.2106824000575145,2
5.901696156424742,2
4.7180029309021485,2
3.328971276737237,2
3.8826446051356935,2
2.5842507156339143,5
4.47949848352723,2
1.080246305406268,4
2.190435168118085,3
10.608546329049128,2
8.354887939756178,2
7.373935020416965,2
7.73510389110029,2
5.6366858470852765,2
6.704881135764554,2
5.444006721530392,2
3.77598521790994,2
3.848166572234444,2
0.0,1
2.8452627692686114,5
5.363556373727199,2
2.913049605577352,3
1.5836123712863552,4
10.364941711920267,2
7.485740078148312,2
7.749605347792222,2
6.712854805087898,2
3.608788479471175,2
4.37749616556945,2
1.903099181486978,4
7.9629297707339886,2
5.859925153551066,2
6.680570430862625,2
5.733777808351038,2
4.613318311503352,2
3.792498766817607,2
2.0487647558482798,5
3.0576620744345298,2
2.3945569144923984,3
0.0,1
1.0414075156542038,4
4.4023434534603165,2
2.635752207634102,5
4.945432705998017,2
6.340399031156466,2
5.8507962992953475,2
3.132095172531192,2
1.871414321278989,4
7.124372784946147,2
5.445120424452697,2
2.6632280899640657,3
5.9086512784641645,2
1.489294061523586,4
8.635560431142281,2
8.511849882513554,2
4.962085693701484,2
2.78579553049732,5
9.73528768735618,2
7.292245816400208,2
7.292300998126612,2
6.053258907070999,2
3.0224198332728154,2
4.438786638617722,2
3.834213901818132,2
2.6880128871634086,3
4.718717912093575,2
3.1908381278722766,2
4.133318488520861,2
0.0,1
3.203418724234048,2
1.0744184201350038,4
10.069707182757458,2
9.36812089560173,2
8.01907313585688,2
6.464874189963036,2
3.8422737811658383,2
4.6676767876753535,2
4.875589281069568,2
3.0555168491817097,2
2.4494656740788567,5
9.279194418025368,2
7.7463255274836955,2
7.620908639912269,2
6.772496552258568,2
4.355400201463073,2
4.519132185320412,2
3.0773011946709596,2
1.585746516987516,4
22.372171945387784,2
21.210699231439946,2
20.372329362234414,2
17.57882898888817,2
16.879057387004536,2
15.430492499585778,2
13.850792233419073,2
14.297808117890296,2
13.145609032664538,2
11.580892303667994,2
11.06746805503951,2
9.710231152651108,2
9.463073400736604,2
7.674984133193803,2
6.873072203113552,2
6.344115363706597,2
4.499761314161672,2
4.826803178879628,2
0.09325142519020346,1
4.346384067234485,2
4.072017158872606,2
1.557979943222466,4
21.338421673403566,2
20.27140496134092,2
19.849820961927872,2
18.760357153210613,2
17.58993242232858,2
15.886046700191415,2
16.040827273121177,2
15.872833524360813,2
13.209586664224926,2
8.985775810877369,2
13.032380392900373,2
10.179404616556166,2
8.201860353555519,2
10.013046023542707,2
8.131687007138824,2
6.37144986737354,2
3.750524836165877,2
6.509805089254526,2
2.755098436580693,3
1.7177122584207574,4
0.4796673770154352,1
2.8647136088752534,5
19.600582015712753,2
18.656834616417104,2
16.068823846630448,2
16.207518286847794,2
15.895867032193527,2
15.847127313435545,2
13.736379354478984,2
13.200461176795912,2
10.747701442103324,2
9.423337026566315,2
11.039546136168108,2
8.326817930759603,2
9.094657227366204,2
6.390414695052062,2
5.337443523556743,2
4.829539065409506,2
5.07111988049208,2
3.534125314915385,2
2.20581982693338,3
6.447952818698387,2
3.974399285542287,2
4.344746266348573,2
1.3981337300184908,4
10.067898942840182,2
10.472231490500064,2
9.028004149442946,2
9.569914862064453,2
4.865639761395854,2
4.540888924650665,2
4.003266370076412,2
4.398247291637562,2
3.3441921781945365,2
3.5353605050237786,2
0.0,1
3.3290374104761136,2
0.0,1
1.3917628511864284,4
9.679987268286224,2
8.933072125682125,2
9.075692511315346,2
6.992537296513604,2
8.580076468905736,2
6.8889090426084065,2
6.071325766353381,2
5.073997726980802,2
2.8841822832507282,5
15.840939753964118,2
15.2700461798488,2
14.567510635375841,2
12.660485532894857,2
12.15000378027658,2
10.338366040989904,2
9.219166445359523,2
9.420394601809775,2
7.856464006410509,2
6.361796193810675,2
5.590857552921992,2
4.100352335107633,2
4.710444866914786,2
3.2776736136035183,2
2.4288411209029923,3
9.690731424113675,2
8.890676031658069,2
6.00439512778021,2
5.506137828676079,2
5.808243342859704,2
3.409431540262034,2
2.409867817622757,5
7.920828956264645,2
4.936652874883209,2
4.295112968113647,2
3.7616017855759485,2
4.002652535701402,2
2.74452142217213,3
9.893610699102835,2
8.728539342926664,2
8.076783253614707,2
6.241833825389019,2
4.923178907582453,2
2.5021645091948868,5
2.45769928348457,3
3.721883121169688,2
5.866219840250668,2
0.5218599253865754,1
1.487471261299194,4
8.973292453205524,2
7.1268197814555325,2
6.487122675692108,2
5.831800690498135,2
5.078089348618295,2
5.425267930874411,2
2.2141875501940453,5
12.041001930970062,2
11.712739899509733,2
10.669805349169751,2
7.950896257700577,2
9.399987484234488,2
6.639468759994752,2
7.309954548466264,2
5.643431736589579,2
4.028325608374692,2
4.367748967580129,2
2.207678648976998,3
1.628398079107246,4
4.628824270932506,2
5.040030014430231,2
2.858480647035642,5
11.916016489904829,2
12.735266964536548,2
11.221119641206881,2
8.893147757843002,2
6.87160071747225,2
7.220341724069325,2
5.1553801984709615,2
3.115469664016536,2
3.9077481955891455,2
4.541095391778433,2
3.0461827354077435,2
1.5198055559214416,4
13.482398566216064,2
12.063010446896087,2
11.224287375933754,2
9.077977599024418,2
6.392753732960486,2
7.888315595670552,2
5.511734181387928,2
6.824227758608679,2
6.219545854765924,2
5.041418346216928,2
3.237794776096332,2
2.2311340910654236,3
5.293818596078679,2
5.835374860623499,2
4.619696003489707,2
3.1619426811732634,2
2.7721013447154057,5
14.407582830571648,2
12.75718277479662,2
11.358783544091684,2
11.683953152716956,2
11.116146560866065,2
8.237625042818557,2
8.644106504635129,2
5.424359403871967,2
5.932377768352722,2
5.273412368986444,2
3.487087047340108,2
3.2255820773033386,2
1.768200191711764,4
16.013391492830287,2
14.543569428601305,2
11.89690253886103,2
11.016614662422418,2
10.434480859175245,2
8.701657428944383,2
8.534978893164615,2
7.3372029767768785,2
5.705581514272788,2
4.311373686036064,2
3.3186748985248427,2
1.8971759588583648,4
11.472778803225804,2
10.460030107553907,2
12.629286229097733,2
9.051748888395476,2
10.50294258110112,2
6.3882358032235524,2
5.940323715996652,2
6.5355625250742415,2
5.479264489517669,2
3.762419746662649,2
2.7577861722750243,3
15.131608748898186,2
13.771518021458707,2
11.77157245490032,2
11.670758266866539,2
10.7440403972732,2
9.751342272759084,2
7.829790099171448,2
8.136917265542817,2
7.480920741786267,2
6.124851494200968,2
3.5950458007897077,2
4.734082954990563,2
3.493122795575319,2
2.5119076807477274,5
8.932419252110146,2
6.76850796992662,2
5.930299376256954,2
2.1789836520367234,3
1.9211531769696093,4
5.401009183401638,2
2.9713749015377764,5
4.217531331327627,2
2.039438692591549,3
10.108591431106591,2
6.095325692354468,2
7.754399365227157,2
5.5467868508349305,2
5.109347982725422,2
1.7521841370208329,4
8.604044769572111,2
6.853015124677256,2
6.484140549300893,2
4.4010924613167886,2
1.4461039577235448,4
8.999770987804597,2
8.57621825184691,2
5.9774203471141325,2
3.4415192610760004,2
4.093585157737484,2
3.129681061215038,2
0.0,1
0.9337606985502792,1
3.7280654333500185,2
3.014540926697437,2
2.7157018722473043,5
6.389740777722957,2
3.5678849883775015,2
5.611371739433213,2
4.099875569078522,2
2.3131729497185867,3
4.6059585418416455,2
4.374164486546623,2
2.283453549120801,5
7.065709689648254,2
7.783555221615819,2
7.846147273424445,2
5.618016695363102,2
6.3520642137558685,2
3.559965435195703,2
2.8986892397622617,3
4.4038418714938805,2
4.345375543045987,2
2.6476246313501397,5
1.6757369190587106,4
5.230797478983999,2
1.9573541058215804,4
4.924996481289666,2
5.580510018658539,2
3.5697377065170754,2
2.821045058939045,3
12.686534346515689,2
12.568315309563113,2
9.826193392194492,2
9.042903987437237,2
7.518257183874963,2
7.779863137166332,2
7.91123518201565,2
4.646822643321948,2
5.068141956737652,2
3.873045444265196,2
2.1925352201183617,5
3.023672824848933,2
2.6961814415698253,3
0.9219466684249498,1
4.039494930081389,2
2.1202913022397736,5
0.04495474305349145,1
1.1556170165882231,4
20.55126190993197,2
19.137662283646762,2
16.410555059297113,2
16.190148941262017,2
17.1233088526307,2
14.001941533033971,2
15.398664842593186,2
13.553078767867285,2
12.607698181583643,2
11.553456522420044,2
9.451711180803528,2
8.760163969453112,2
9.803699505179235,2
6.254954181674236,2
7.0843039282147275,2
5.0235195696923585,2
2.7292395302247385,3
0.2756631895696213,1
0.11707767362749523,1
0.5572669924487421,1
1.776045057890547,4
2.506825698065556,5
10.74488667524503,2
10.521901652301793,2
8.016935883930655,2
6.598465935109793,2
5.9157624966793225,2
4.247169896275507,2
5.2273130175296085,2
2.1077160209667354,3
0.0,1
1.4615034557845974,4
4.770410857228855,2
6.093304690729258,2
4.264134344635808,2
3.3450813355089872,2
2.3086342254530767,5
5.024386846876661,2
4.751829709880359,2
3.1155525141080758,2
3.3883361145292747,2
1.7249454232268573,4
19.30828573266001,2
19.68780099557635,2
16.04824529871983,2
15.274976149953613,2
13.520124453537214,2
11.859899773980642,2
11.512407720857265,2
10.827178663072619,2
11.232826180204263,2
10.784835909499837,2
8.841708663880828,2
6.840192701551155,2
6.074854334827423,2
6.534514890895232,2
4.760204345282493,2
5.189492958484838,2
3.025230143125216,2
1.8691878919270408,4
16.955263891709613,2
17.023948894133465,2
17.327261958461428,2
13.22632443033324,2
14.353661927945662,2
12.59175040807867,2
12.03579661466641,2
12.170437989286814,2
9.113324237019294,2
8.060392896261758,2
8.551732945322351,2
7.322836029693546,2
6.339442432493602,2
4.63966688343292,2
3.5633637948276724,2
2.3861485721022206,3
1.8138226620213451,4
5.655007897218788,2
5.127013437471259,2
3.8752052186640484,2
2.2503410929438235,5
13.795670325571447,2
11.94514104284756,2
12.710448647841934,2
12.571132983815827,2
10.062947450114557,2
8.707100012187214,2
6.615115265377638,2
4.521024798737667,2
4.755807455001831,2
4.472471977281153,2
3.5102739979892115,2
3.275200156401544,2
1.9361638495728128,4
17.31380697486927,2
14.388026001648688,2
16.077179237756393,2
14.646728547384312,2
13.177571529582446,2
13.249298090461238,2
12.233871813747115,2
10.098963882438252,2
10.941927825634902,2
7.689262047466942,2
7.6212608647523155,2
6.439349853272726,2
5.316357324557329,2
3.946563632227475,2
0.6919129658558592,1
4.9234346609911315,2
3.8392921680131513,2
2.4000437500518004,3
2.16975235417849,5
3.1136477805375278,2
1.8512996529331012,4
16.19328469346166,2
15.31125387630273,2
15.463094009050048,2
14.469875557879762,2
13.321971595584845,2
11.88740805273865,2
9.817137348007497,2
10.296875629862388,2
10.989266712319065,2
8.365598477945428,2
7.479534554199966,2
6.594570306725882,2
4.586309018630086,2
4.869093449174921,2
2.928008199538676,3
3.798349044605722,2
1.4697074828153005,4
7.132332069403365,2
6.199828954318474,2
3.3433245223316392,2
2.7542199790937887,5
13.525488964614663,2
15.147988765733118,2
12.233007948763769,2
11.935389614540284,2
9.978746472885598,2
11.182458327146845,2
9.191801265678476,2
10.718447728459957,2
7.665567748748188,2
5.08725678927113,2
3.573284855219435,2
4.0511620318526225,2
2.8957053660577947,3
14.252778926796573,2
13.963813583678204,2
12.305819486682642,2
10.914396285949154,2
8.259243221048825,2
8.824492535585062,2
8.205529087087253,2
6.299071062623468,2
5.18736199263565,2
4.788988491041295,2
2.9206185970889615,5
4.015007809763149,2
4.766826112992723,2
2.672247733701369,3
4.1223231114835786,2
0.0,1
4.242854056553753,2
2.273586043484681,5
12.963981655827608,2
12.044166877795265,2
10.822028137510989,2
10.094717077698203,2
8.740297917861028,2
8.357408434123027,2
7.785002434748742,2
6.2177211943441115,2
3.98080268299162,2
3.4303177577342625,2
1.7480844696562623,4
19.43827332801301,2
19.072437394127547,2
17.92925635668714,2
17.528909283403625,2
16.750681483160125,2
13.788433793176036,2
15.486632658561811,2
15.009400044275274,2
11.558829993998106,2
10.441348644154315,2
10.318278106466042,2
9.270172253834057,2
7.245138200152228,2
6.634843949145927,2
7.632121060256749,2
6.833115996327607,2
5.47003226864321,2
2.657922600325143,3
11.72161772791308,2
9.917790651928511,2
9.61035870021832,2
9.247193032648404,2
7.107207971769529,2
7.176213012702912,2
6.073047950156964,2
5.665439025025003,2
4.535858105389859,2
2.4831356696132287,5
7.412096903611619,2
7.4706714740060125,2
6.017265885712801,2
5.355570723251022,2
4.2758326383751015,2
1.8052131293566545,4
10.543109541079533,2
9.896765159937317,2
10.76208386758832,2
6.210308611697303,2
5.748094458181372,2
6.245531437011633,2
4.3995477077354765,2
4.11212025681156,2
4.208631580380433,2
3.1136453573138385,2
0.6674360311370124,1
2.019014744066777,3
1.2014025276439186,4
6.688442635828265,2
4.453499529251181,2
6.416057639728256,2
4.249933421010466,2
3.496090710094349,2
2.4622149882139244,5
13.261841516843502,2
11.423405455228664,2
13.086849338660102,2
9.853835703379552,2
8.721180983358074,2
10.080339011455044,2
8.555742557683084,2
6.204657823983215,2
6.003057468583817,2
2.4364550089340096,3
0.0,1
5.021670270156493,2
0.8974630348545862,1
2.564021772436813,5
3.678933482564112,2
4.1935855133829945,2
1.3674342037676666,4
16.14882850054289,2
14.855662370878036,2
13.373112029023238,2
11.873774230248824,2
11.592033389307453,2
10.02319717063016,2
9.474979198660936,2
6.771480523203048,2
6.9629861931780495,2
5.963513430969057,2
5.070546026122338,2
3.824870657355105,2
4.553345583380951,2
1.1167700715529203,4
17.565375791723007,2
16.492665886089704,2
13.954805899977156,2
13.766236831814735,2
12.223481169479866,2
10.960757016148708,2
9.661788918582623,2
9.286702776474597,2
8.80931019821222,2
6.8046482070897225,2
6.594729261626258,2
5.421953787071426,2
4.629266686718724,2
1.5523246495373384,4
15.757850749583973,2
14.127771133443586,2
13.099321585044606,2
11.63079275228577,2
11.630790459291436,2
9.132190918968769,2
6.714479856757026,2
8.450672439490942,2
8.537300542778343,2
5.2996920122945195,2
5.420197106401036,2
2.9802742500638613,3
4.504342877793019,2
4.134873514400279,2
3.3611253055304067,2
1.9557931694609911,4
6.433988657634318,2
4.901169170000029,2
4.228864160848138,2
2.7953266384982993,5
13.604312911493519,2
12.427446041209938,2
9.93126365224275,2
12.117349418852605,2
9.034365334039029,2
7.935682491926429,2
7.94659716804353,2
6.018160858396431,2
5.383129862114418,2
5.239811706785432,2
4.934359251499634,2
4.3898547906819125,2
2.0491655669929134,3
2.7921907350065043,5
2.1025899811578834,3
2.3154284220556685,5
2.668926260301116,3
3.646970407615132,2
1.7275198625198185,4
3.424484502849971,2
4.954847078208952,2
3.241459494462356,2
1.0486564661877655,4
5.067538402590394,2
2.983595858558256,5
2.6444901573089385,3
4.1149648208825935,2
4.3531925560162135,2
1.5353070833754283,4
5.038268493754608,2
4.691768620627132,2
2.083076678286243,5
2.7978037222415395,3
2.3746898448073663,5
3.3907516870699164,2
0.4284185561902176,1
0.5315540341452543,1
1.954664209314413,4
1.0879620757632835,4
3.4716827932632315,2
1.4428875991028003,4
2.5129335068032685,3
4.028976899203858,2
3.5372351420208163,2
2.0405072033549927,5
0.3273584155816054,1
2.8307395609263777,3
1.9680970472939647,4
7.5697345411410355,2
5.3938775450823675,2
6.3267016750610985,2
2.6401335548942857,5
16.890636390287543,2
12.22008733233488,2
12.080248938075275,2
11.34474496822982,2
11.167692147840926,2
10.714820353642512,2
10.312035847448806,2
7.664814935560533,2
6.717687356178043,2
6.060973565039152,2
6.211178515309343,2
3.1485017105786812,2
3.9519947187400164,2
2.3080878696128333,3
1.7372784929048577,4
5.321858458780943,2
6.284896083160857,2
3.4665027858962114,2
3.378137648770234,2
0.0,1
2.1844824363486297,5
14.952992274156593,2
15.176534516504045,2
16.381929087552802,2
11.427268035365689,2
10.798424991763394,2
12.057061004791956,2
7.9805835461449135,2
11.597907185646054,2
9.539991991394745,2
7.078035580860412,2
6.604232496831133,2
4.253532119196426,2
3.622703328661816,2
3.815725761225045,2
1.287912619676287,4
19.830979896966067,2
18.779641728234797,2
19.218321612387715,2
16.943421880502875,2
17.92643421995237,2
14.073994205969626,2
12.540581751283426,2
13.881055170182355,2
11.567160290841484,2
11.090261707473584,2
11.608887041382658,2
7.618800519882108,2
8.75005823411601,2
8.091996416133291,2
5.950850344366711,2
5.1617662117631395,2
4.674059149563487,2
1.9224298064020733,4
18.393634768067905,2
18.48894135522914,2
16.587696863652738,2
16.18641165295789,2
15.805474632311535,2
13.211166325662225,2
12.864692638886336,2
13.890483007364333,2
9.902425660422507,2
11.285021519714114,2
9.398106303501539,2
8.165612019324357,2
7.837802120421378,2
4.855413917290019,2
5.080599067965154,2
3.9304462736502748,2
2.4625384206883045,3
2.0469737421483316,5
1.7988078020747784,4
20.805092258983084,2
17.05656959772425,2
16.716450527226336,2
16.79936826009551,2
15.599563342403812,2
15.737011571937366,2
13.27829369832759,2
12.65061753828811,2
12.488149026828124,2
10.069934241439855,2
10.26703898904215,2
7.604272712850392,2
7.691099678005822,2
6.090419965587238,2
4.045526881047294,2
2.7415004265968856,3
0.4718242914028713,1
1.7467869479827427,4
1.5652468295211683,4
3.10449740046736,2
0.0,1
2.1845038947548505,5
14.267535552374476,2
12.278203978447348,2
12.896679246969846,2
13.231558948964002,2
11.3248810099542,2
9.056569795106258,2
9.976894178216602,2
6.601098650327828,2
6.728797981361183,2
6.125056933857232,2
5.288059765342753,2
3.996996123659814,2
2.879721941542194,3
4.069700964908808,2
2.7368163878074103,5
2.7285181544905197,3
2.163492908685238,5
3.2760947309902835,2
1.7777208355160357,4
6.871834136223185,2
3.4755070423768224,2
3.273931591025214,2
4.214582792668802,2
2.7697209986562683,3
2.8422783892362125,5
1.2877657348114195,4
7.0650087312838865,2
6.314107093158058,2
6.061727012104526,2
2.649215778304611,3
2.3609497720672183,5
5.210553806166662,2
3.3710218229305946,2
1.5770435223566426,4
6.878405207126473,2
6.25143112606013,2
4.91662041189194,2
5.1630092238309935,2
