4.426693253166111,2
5.2869378815093935,2
2.101057470785419,5
12.411079796116194,2
11.790364155871847,2
13.688114876375039,2
8.973266685611241,2
11.483918120049438,2
8.010859630845461,2
9.45892834592136,2
5.28401660705811,2
5.149350073548048,2
4.806559147297867,2
4.233583431696454,2
0.18464154846049685,1
2.2781138685429654,3
4.648744545595012,2
3.3670888651588036,2
1.0029735021993678,4
1.8778312416980003,4
0.0,1
3.5116771673529685,2
0.11492748444094447,1
3.893699837475924,2
3.832367068050496,2
0.5999591714303144,1
2.326472928875236,5
3.545514978705325,2
0.4701896114611255,1
4.070655825427055,2
1.153651743490253,4
11.797049051733053,2
11.120736809181297,2
10.85908229462022,2
10.136349171251664,2
8.977203432567151,2
7.713903231292343,2
6.044918713752298,2
7.166402573983321,2
5.132430531811509,2
4.812194732541635,2
2.9645505311034386,3
6.8633802509149655,2
6.523127773899046,2
6.864057153063457,2
4.520675391645207,2
1.841312439503589,4
13.274641531064253,2
11.663142955815196,2
10.517541226982104,2
9.982044263952131,2
9.834317028596304,2
7.708271429408137,2
6.817168229239155,2
4.724521570876734,2
4.171159957791282,2
2.60855912701263,5
5.2133993078381256,2
2.763326531728361,3
1.7074262348605007,4
11.348426242799613,2
10.973371216583883,2
9.892346703500037,2
9.880790596413213,2
8.573067677835029,2
7.428102743557115,2
4.934581408532115,2
3.75167531480476,2
4.918630702367215,2
3.2119592539657438,2
2.374191126795584,5
12.965893852770646,2
12.163192169510081,2
10.638694351121364,2
9.851924637800373,2
6.914690244053848,2
8.012353031405302,2
4.543566425629057,2
6.153786162047198,2
4.6271187617340805,2
2.133516874041459,3
2.241893843835564,5
2.4801898511819624,3
1.4259121401087156,4
12.586158139021652,2
9.66451622926116,2
9.729311271679636,2
7.204586686327126,2
5.864276154519235,2
7.056325345562932,2
2.662552122825376,5
4.638385356621939,2
4.659878812840419,2
2.6804890602260643,3
3.229387506965478,2
3.07398569161404,2
0.8451251248414482,1
2.7441105470271867,5
3.6111224751648296,2
0.667536084110246,1
2.9361551340787315,3
1.589941969194444,4
10.132081631336858,2
7.151625006838289,2
6.3367252001688765,2
5.213785400780946,2
5.9484965325136505,2
2.3582183850151153,5
16.31321594183434,2
12.880961444968886,2
13.62080613180365,2
13.182709240548489,2
10.139852294974961,2
9.045949776791797,2
9.059365722459711,2
7.733093443507338,2
6.9326455292706415,2
6.948792219235196,2
3.9881152134003437,2
6.425102060394664,2
1.3589437134842612,4
27.743384019878768,2
24.518773226460887,2
25.646462815487162,2
22.511791367312302,2
22.497434861617972,2
23.44916019368207,2
20.597568312870816,2
20.415030845674192,2
19.354597348322333,2
18.00951669110207,2
17.72942258592885,2
14.890434417469333,2
15.982373922894654,2
14.511054180363526,2
13.342717518572915,2
10.514847918858765,2
10.45289276755911,2
10.730701713515074,2
8.458187731224342,2
8.103549404440617,2
6.085362786331736,2
6.24180407666769,2
5.637931816325407,2
4.6666754936954185,2
4.263179118468916,2
1.1418507027596787,4
28.63056560309226,2
26.69048368967755,2
26.605357780847047,2
25.215620460043898,2
22.16336957485353,2
22.60433444196907,2
21.7500705777967,2
21.580423592194084,2
17.874497873392638,2
20.93676932637261,2
17.50720204772552,2
17.537055059549182,2
14.681963660210672,2
14.653912031520186,2
14.0100526536543,2
12.637452701054066,2
9.99498659395,2
11.721958799057246,2
9.01219278256202,2
8.953631990556968,2
6.315314372708098,2
6.076590115655812,2
6.4654354126285245,2
4.992729040642288,2
5.175380498641002,2
3.2812120953764654,2
2.1859490152259,3
3.4420926414841224,2
3.590692759427858,2
1.2910086161515697,4
8.533434514424512,2
8.917484635410535,2
9.19743756591409,2
7.196055398639972,2
4.804668874260836,2
3.8293069913784734,2
2.4872457682192373,5
4.556237242141337,2
4.344266512271652,2
1.9018880159549305,4
3.698001090656107,2
1.9593806515658718,4
3.735472404242944,2
4.697502602455497,2
1.9590925408401352,4
5.252487138926506,2
5.422562800547189,2
0.0,1
5.255593212111588,2
2.8867312167690486,3
6.6108151145437954,2
6.728098624160791,2
5.014140072784431,2
4.626298267785339,2
3.928311024117993,2
4.755308958144006,2
1.801518782545284,4
10.165993886203864,2
10.21987546404714,2
5.414784679766601,2
7.1736136225630505,2
4.798686354741263,2
4.3594216896393005,2
2.953330388013353,5
2.96309122882289,3
4.7315485573795435,2
4.623129079755818,2
1.4165663839226346,4
11.51576241278179,2
7.924636746232861,2
8.708863231961397,2
6.528486698364311,2
7.163745801321857,2
6.29914211598698,2
3.6533695469431184,2
3.3370071205098415,2
3.7565880915158014,2
1.008232005412278,4
12.228299770740955,2
9.740221895930377,2
9.066662849681832,2
8.056838514481933,2
7.711419670837878,2
5.83932292390355,2
4.465564856502546,2
3.131488390646908,2
2.570033780450733,5
4.804263989695636,2
3.051810844069074,2
0.916221075385468,1
3.5315938695463305,2
3.950091235472058,2
2.1118223860094285,3
6.188312737540244,2
6.00750566218392,2
2.2733555630922617,5
9.328878069219401,2
6.648875123976668,2
6.340072722287897,2
5.949347023613199,2
4.8820397918058465,2
3.452096312315451,2
3.0600266299142254,2
1.2216981731242351,4
15.070011081111794,2
15.651290856794255,2
15.801825210624681,2
12.569841033114985,2
12.897644559065997,2
9.781707413171096,2
9.122797865996024,2
9.82426782530318,2
9.518147617015963,2
8.538049892836607,2
6.871739940022651,2
3.80358501225452,2
5.225737320962472,2
3.109679787927292,2
1.4773968687894,4
17.168168488338974,2
11.977196349169205,2
14.513791973560135,2
11.258432805431584,2
11.01935688917687,2
12.422039674070804,2
7.587165628668653,2
8.042157056309089,2
10.273044573205805,2
7.463075276083402,2
5.593431952030215,2
5.467173660003568,2
5.2529469921830705,2
0.07452289034647297,1
3.638692743894937,2
4.3164555696663855,2
2.5655087386401814,3
3.487673011583364,2
1.7222693602384418,4
10.675704958121447,2
11.431552453332314,2
11.422921458298225,2
9.328948549980495,2
6.539999966471812,2
5.65910312397846,2
4.641213926272497,2
5.0796876717740735,2
3.8343192362006544,2
1.435530366979031,4
9.290734057354188,2
9.163027669901851,2
6.224908352904255,2
6.139714659651272,2
6.132799603643348,2
4.665151161498627,2
4.756911621656809,2
2.848685855774057,5
3.8395728254822763,2
1.1887393847034955,4
15.7956001311564,2
13.645064018150284,2
10.802571297569044,2
11.154580533902905,2
8.813092700284901,2
9.317579761982369,2
8.795427134644969,2
8.102529586247261,2
5.663936352329812,2
4.048483044501593,2
4.376564634430226,2
3.0253791691038536,2
2.244112022288618,3
10.822140408004346,2
9.087357227157227,2
8.77789866099074,2
7.266154336441962,2
4.40920146191819,2
5.529794823890391,2
4.957693409266258,2
4.443593870286625,2
3.019487617724612,2
0.9571438524921022,1
3.021656627481745,2
1.8238608047539229,4
11.06790243545573,2
10.179262487158407,2
8.342323288917571,2
9.797264921741244,2
5.49819690828465,2
7.956210319996799,2
3.954128400806132,2
4.18389779683004,2
3.390953565324295,2
2.702991244407188,5
12.883225309170086,2
12.966820829356509,2
11.23304151020343,2
10.922719404722589,2
9.007177210516403,2
8.929260966429142,2
8.222093083868169,2
8.767751958273495,2
6.717383146261884,2
4.713399437579613,2
3.0538834545891302,2
4.18204674744115,2
2.323827016352256,3
1.27674009728772,4
10.8357699130029,2
10.722102327259044,2
8.70760396653206,2
6.432957778822125,2
4.479675433323385,2
4.659204098469237,2
3.5915615883225382,2
2.613869222692616,5
3.965466054459264,2
3.0699580015494132,2
0.0015583797205287464,1
2.45735788238977,3
3.1689856418906577,2
0.614524790121203,1
2.0951522049446933,5
2.9310167909121443,3
0.6757445482817346,1
4.394715992414541,2
1.6994471877466468,4
9.865034231389789,2
8.488834655872441,2
7.516906288799323,2
8.679331543922949,2
4.6352428849055265,2
6.434862733483822,2
4.254622307636037,2
2.9355175651821286,5
2.0292835386714305,3
2.601853768978152,5
4.821992934268606,2
3.0792398994110046,2
0.0,1
2.469555481283962,3
3.56715643552854,2
1.3608392405133711,4
10.974994270326462,2
11.786022057741294,2
9.55216393001131,2
8.065667094823322,2
6.879813245148298,2
7.714534908903563,2
5.278865685181409,2
5.2231253772123365,2
3.2035792671277266,2
0.5950578055546605,1
3.451650120905884,2
2.761134683098039,5
2.6385488720721395,3
2.1210498756446903,5
5.139249901844111,2
2.685803425624201,3
0.27616650509608553,1
3.0323033705634668,2
2.9931670576450413,5
2.9171190868776957,3
0.6361406825325664,1
1.3133744364036708,4
10.031494613619213,2
8.826458513191202,2
7.998510821404199,2
7.579540356086952,2
7.5456577024193745,2
6.1836358514711085,2
3.86778506615524,2
0.38676082203804096,1
3.9409915968296367,2
5.721853213939265,2
3.2149349557678617,2
0.7443905470827608,1
3.2053168507716037,2
1.9556683234519452,4
12.991112680640725,2
9.502187695109015,2
10.43790027800695,2
7.983877274790543,2
6.909106766249325,2
9.125462834963587,2
6.392948440258938,2
3.335982663406293,2
4.002471903936824,2
2.721647118247465,5
3.786869413206032,2
0.5275772408267223,1
1.3748064226221393,4
14.762200024634463,2
11.066457793203853,2
12.353928103269233,2
11.464947786912475,2
9.00454880301179,2
7.68708192051504,2
6.219728502283934,2
7.5892265398545025,2
6.421675509701145,2
5.702093689153522,2
5.611114077494989,2
2.1431020322464533,3
34.41659051048968,2
34.18635520416892,2
31.292823474574966,2
30.68047769814777,2
30.496008169355516,2
30.746135847511333,2
28.26866513514145,2
27.786574241000892,2
28.368268073834397,2
27.774491425314807,2
24.779339552851308,2
22.88021865317767,2
20.348010063201308,2
23.340120459982533,2
21.136322250615915,2
19.608904532850246,2
20.015853983999104,2
16.564100927960812,2
15.800252342257949,2
14.340706864228613,2
14.85290797952288,2
14.995722833732634,2
12.678661828113974,2
10.28447922283372,2
11.062267998491773,2
10.439462257823807,2
9.28740628588273,2
5.557283387932733,2
6.424359734953133,2
6.209780636015428,2
3.4279962238561406,2
3.8305341421947885,2
3.878034638801133,2
3.3280293669166268,2
3.175881946300632,2
0.8935000043591759,1
2.8674562737894917,5
3.1925048597869963,2
4.613211375347333,2
1.8412972868348367,4
2.042716619675881,3
3.6382841206730263,2
4.946273424510503,2
3.5487177426387784,2
2.9692880197641336,5
9.056944375245632,2
11.795345131095822,2
7.779899550892335,2
7.35882333053799,2
6.14059603541396,2
5.259793140768257,2
3.687581878453349,2
2.2595776512382817,3
8.626658357243901,2
4.953634053314244,2
5.246495085439965,2
5.492851652912877,2
2.8622147040978345,5
7.561779506122327,2
7.31304329047444,2
4.984060650680788,2
3.932668909515309,2
3.507009432670466,2
3.4626786812071217,2
1.5599787608039528,4
14.456067910583632,2
14.179779907306555,2
15.010642454367455,2
13.741819960146332,2
9.953954781610186,2
9.236014913329283,2
7.06700294178739,2
9.236937156012782,2
5.525980707447438,2
6.611715503245004,2
5.045608357162956,2
4.581472399592005,2
4.459038773277144,2
1.8726375380786904,4
14.205506021459177,2
11.970301254011956,2
14.989490331602779,2
12.527549582186507,2
10.364093385772057,2
8.421343099147894,2
8.417884693462941,2
8.463237366949437,2
8.649846057265242,2
5.786928479468139,2
4.66893143065408,2
4.430146057378963,2
3.57623473392598,2
1.9270098483939133,4
14.757887603874499,2
12.948503917544244,2
11.480624084324894,2
12.28111722008703,2
12.03240063268383,2
10.958333484596707,2
8.182414345454148,2
8.882667968352555,2
7.659006213583381,2
6.097560754186338,2
4.2737642787385965,2
3.05062221681238,2
3.829371917606833,2
3.085514583060541,2
1.9926440284336813,4
14.610787411849653,2
15.141174989196312,2
15.576160210953253,2
11.35109566296948,2
9.821146685691028,2
9.746034652548321,2
9.915784398440383,2
8.873208786607535,2
9.18049478124084,2
7.442286040561862,2
6.0610140622260005,2
4.280522868146491,2
5.2104546088279005,2
2.382321692403772,3
3.7722234036224784,2
1.606774556464926,4
4.893043991172378,2
2.6129830296180896,5
12.942854712761033,2
12.025801773741755,2
11.474680627262812,2
9.717360683249801,2
10.66106321354818,2
8.624591686642601,2
9.46311878470036,2
4.487913795360745,2
6.759209560544196,2
6.342941188479513,2
3.6042717044104635,2
2.845407681907476,3
3.0912824929041487,2
1.5357790007042345,4
13.384652522819508,2
13.302652492508331,2
11.967467419636383,2
11.775280390280905,2
10.745844436122011,2
9.497752887352265,2
7.747382050555331,2
7.547500101317294,2
5.697704775147026,2
4.425280425203344,2
2.688280041807337,5
2.6942496426561275,3
4.4773152202963065,2
3.9699969396301316,2
0.8453146534285674,1
3.5981957554493302,2
2.4591180876103933,5
9.964231030427095,2
8.428428635186366,2
8.013343373379351,2
7.437723396247108,2
4.692173264696597,2
5.175096611046927,2
2.9297519621411188,3
10.301243775605704,2
10.05574566333572,2
9.644712040487825,2
7.546321710239717,2
8.03550145784013,2
5.883963843096478,2
4.0459554205750194,2
2.5902183581129314,5
3.7411482527779514,2
2.3270785470135267,3
2.76337863070746,5
1.7678512634454422,4
7.359930231907197,2
5.967692137692244,2
5.900178364065146,2
2.717868264951602,3
4.010176562003572,2
2.426711273221021,5
4.09611069883613,2
0.0,1
5.161953639723969,2
4.150033888308635,2
2.6314377677098064,3
1.8465829324341736,4
11.682418507327077,2
11.58533781658934,2
11.2067158454873,2
9.5120478439146,2
7.134033943517463,2
6.1951473620684085,2
7.247356139769863,2
4.225380372018412,2
2.4169027197414423,5
21.253339328711775,2
21.622897840923986,2
19.502703814854776,2
19.346555326746348,2
20.19098978690062,2
19.117203463101184,2
15.330187262213327,2
16.98270884023112,2
14.237646687717293,2
14.976280739793182,2
14.15402853865989,2
12.400021735763225,2
11.588911717184935,2
9.948026981520595,2
7.342703497440864,2
7.517934039984068,2
5.766238943756049,2
5.995394701832014,2
4.3904253416515155,2
3.9650067059190364,2
1.271232176291635,4
25.890846263232874,2
25.385574544166705,2
24.78990392116961,2
24.28856642336185,2
22.031667459767228,2
24.33411766240521,2
22.29285645967452,2
19.705933417881404,2
17.87185044602603,2
17.545935049971092,2
17.74889925778287,2
15.8748582705275,2
15.102156432309249,2
14.052592311178136,2
12.64270825884952,2
12.201577406880428,2
11.116130939250649,2
10.5118478556833,2
9.244045595834157,2
8.237883020619257,2
6.841378912379472,2
5.332839717767314,2
3.5136078964557558,2
5.075943124648012,2
1.795950665268555,4
28.540357228697253,2
25.824684027446736,2
24.682619433904414,2
23.427941742474278,2
23.260935604951616,2
21.730187423288907,2
19.971391496894807,2
20.40363340474979,2
18.762907068769305,2
18.246314628454925,2
18.027599355748226,2
15.76987259742625,2
15.276434852715894,2
13.128454684128904,2
11.979829700942044,2
10.518011786027724,2
9.753176001307606,2
12.400325681657385,2
9.360493163375985,2
9.068615996241416,2
7.210608756870341,2
6.931955063744026,2
5.957628018575917,2
4.082282489844058,2
3.125518036961743,2
2.2463492961010414,3
2.7255180864953474,5
2.4342675157147644,3
3.5432273868480366,2
5.111864201209336,2
3.0462989628819983,2
1.333210771306957,4
9.736980354569956,2
10.784475587450066,2
9.759415370266064,2
7.183428997753463,2
6.171115501049968,2
6.241701211661472,2
5.183848876741911,2
3.297097960860734,2
4.064484387963282,2
1.1075749373394148,4
9.206031278168107,2
9.850847213612905,2
9.089266096495852,2
8.910959605647378,2
5.768086228191787,2
4.455251988431571,2
4.228698799297346,2
2.372736475544297,5
13.331177854643032,2
10.558781648374874,2
10.674961248902443,2
10.348935826391287,2
8.530331601545832,2
8.948308727099516,2
7.5798065059780395,2
5.3598182661966485,2
3.2471209024571817,2
2.7584374867416916,3
2.5168059947954906,5
4.832392057911319,2
2.509393243427287,3
0.8294382650652827,1
2.949790488950237,5
9.29408098160372,2
7.089961425298285,2
4.971712172246027,2
5.398903958513147,2
3.1590975465463833,2
2.763841346702317,3
4.008363029647748,2
2.217639195874169,5
3.7109449177572382,2
2.337306957533766,3
3.157176524782283,2
0.9077533348862186,1
5.405012640066701,2
3.0153599081311198,2
0.0,1
2.4548476859788035,5
3.6261348484160383,2
0.9430109876199356,1
1.0021062963469642,4
3.3658989308011305,2
2.271323650929804,3
5.55205817406294,2
2.7445341588433094,5
1.6248225026519578,4
3.0082642326056708,2
2.202661867948936,3
2.667578901614764,5
3.525709592105108,2
1.5100608947435838,4
2.98787361684001,3
12.846772061847904,2
11.190472182848117,2
7.542485940291488,2
7.170287251834106,2
6.121730788540077,2
5.7104268184247235,2
4.544450644696892,2
2.253314468254015,5
2.139279065580089,3
3.536362660573805,2
3.5136147462118705,2
1.3019587092578235,4
12.431108358064096,2
8.91120086402754,2
9.080917137055966,2
6.885881486839554,2
6.927142216793183,2
8.12299409528657,2
4.279617666135785,2
5.342005976413128,2
4.150605825045289,2
2.187722433288981,5
0.056614671551475475,1
1.5225699083587596,4
2.799994609665476,3
12.333336852660793,2
11.992144731612964,2
9.27790268945224,2
9.43478088015495,2
8.548886840908901,2
7.8080147905242265,2
6.224839502042185,2
4.9172740338400445,2
3.5861589102339715,2
5.539510171790347,2
2.6821039272793072,5
1.8483523597005584,4
1.15893313485044,4
0.13664957069853756,1
3.171015733673064,2
1.7010750634140313,4
1.6252992091265035,4
1.6029288511193769,4
2.2366177471733435,3
14.101003495162587,2
11.526138334375105,2
11.320652036556066,2
11.396133483784526,2
9.972855040262822,2
7.628330104067747,2
7.003766779880794,2
5.9959865478780365,2
5.606841105284135,2
4.223687401314648,2
3.4881264132135623,2
0.2276205246487213,1
3.3933732174115776,2
1.73965289628268,4
11.941564753780307,2
11.244994719557537,2
10.774475578330083,2
9.844483514739755,2
8.424450065029784,2
7.68553407874199,2
6.1977656328447,2
3.0385880318766616,2
4.153655007183136,2
4.338009933602732,2
4.689653585824865,2
2.9116385123557613,5
1.7520876212451648,4
0.7456506379436776,1
2.9417561751261165,3
0.5746798449631119,1
1.1230917168428325,4
11.614716775661922,2
9.355132917217253,2
8.415390877627532,2
8.211861512591508,2
5.754046827586018,2
7.791531419157176,2
2.7605797591834587,5
2.740298497045232,3
4.0090673127009735,2
0.6571975348502992,1
4.078750501907199,2
1.7664292076047825,4
7.587463412403673,2
9.230250303722073,2
9.111584273909518,2
6.775254009336822,2
5.893956225540596,2
4.281120941811202,2
2.182638539902083,5
0.0,1
0.5812250721405592,1
0.3444549523597539,1
1.4986680473668024,4
1.8121636362537443,4
2.9286209569680324,3
3.1409680516802267,2
1.066751472027372,4
9.995293662391449,2
10.670842348183392,2
8.984798957924694,2
5.612017763770488,2
6.914359503813438,2
4.50233667075009,2
2.8904603389292776,5
2.7249441451461736,3
2.2808396923952685,5
4.5711528351594835,2
0.0,1
2.9692958212839917,3
4.172435628645664,2
2.0887260080152785,5
3.254169255924673,2
1.7578287009483642,4
2.3513894192564613,3
6.7756291349710205,2
4.68346350030341,2
3.9662562544464,2
3.4471482333234,2
3.4878613462683297,2
0.2559153222752163,1
1.6820865244173724,4
8.835746259551899,2
5.092478350815379,2
8.024924550074747,2
2.1474065488153204,5
1.285824099669804,4
3.4678903825002068,2
2.101026413101778,3
8.519164552005753,2
7.0306162261923175,2
4.989286570176917,2
4.243937405014342,2
1.919410247464836,4
7.305047210950258,2
8.3092567477911,2
6.358427437834555,2
4.228535292591896,2
5.7071991969107465,2
3.3830959729539973,2
2.0362353113122627,5
4.5075017415222565,2
2.017428740134321,3
2.176244765555445,5
1.9784251279023704,4
2.216622636163141,3
7.001117121001981,2
5.577713366990167,2
4.239747808443203,2
4.038092923263713,2
1.649076943278354,4
7.325155374670651,2
4.479158338323902,2
4.002470389695172,2
1.2223914787923158,4
7.487074974042578,2
5.843204995284655,2
3.5458018059328067,2
1.8456585759741202,4
4.525108108889186,2
4.6833188914453165,2
4.876702514777121,2
3.5174003081842877,2
3.8758181641159823,2
0.9460930996416612,1
1.4355073963714409,4
6.06786172618477,2
5.7434793354868825,2
3.8470865104294645,2
2.9290396599595767,5
4.0137792045485385,2
3.140879152939952,2
2.498321973986223,3
3.8368426035388814,2
1.9885970751077389,4
11.786687955298277,2
10.260382939869961,2
7.644123419218353,2
7.511137221022332,2
7.893726938551032,2
7.89997895780975,2
7.316984167448151,2
6.621045930392747,2
3.166081207501378,2
3.6421367321041314,2
1.032897680019452,4
11.591182042481634,2
11.66906433583888,2
10.132367969446042,2
10.274710522705794,2
8.984260287867238,2
7.312907675452652,2
7.114383449357092,2
4.7891966741290375,2
4.825371693027059,2
2.799096566890096,5
2.2971306401345783,3
4.592174559260712,2
1.4919122616070966,4
11.694169303464461,2
11.859867842148686,2
9.997826284020794,2
6.792615384973178,2
8.844833637616368,2
5.569185313839427,2
5.57765552836683,2
5.095775517403138,2
3.2574281780788192,2
0.0,1
4.965471136907997,2
2.0307205057537123,5
4.889622792702741,2
4.538294940175704,2
2.0667513517952445,3
6.520210220123213,2
4.633642011086642,2
5.9913929832143795,2
4.375017072339183,2
2.644954607396821,5
3.8106145696676337,2
3.3092222808885934,2
2.9623756775531542,3
1.3484486303962104,4
1.270910689720966,4
0.0,1
1.34326771603874,4
3.21154190116731,2
0.0,1
1.579323077738919,4
0.0,1
1.0048839087629071,4
1.210447233857613,4
2.242462539905989,5
4.118551432532144,2
1.7886391131676689,4
4.60145826782655,2
4.288810471288292,2
4.110936776806976,2
1.1606503081968755,4
3.650149712051114,2
2.9407558726262115,3
2.0966561491224787,5
4.698389149267988,2
2.9707877159810017,3
1.5138391826886046,4
1.4073227263637036,4
1.4825737895780908,4
1.9665900779569137,4
4.8305628831153635,2
1.4652526816391234,4
3.2099239312985626,2
1.2286325874928417,4
0.5413273543529684,1
1.4827074382507204,4
1.913453467503931,4
1.6287891901567746,4
0.9408827286563336,1
1.199761139052872,4
0.0,1
0.8034796975736902,1
2.12028877192153,5
2.6054674307046333,3
1.6171637592759882,4
0.4700653356101282,1
3.9015502430629168,2
1.4432715437079011,4
2.551510884723408,5
2.3487297359795223,3
2.61482285241322,5
1.9783155275244224,4
2.5926655738470834,3
0.0005932872714335957,1
1.8443081571008495,4
1.724131717558692,4
3.4314208468673297,2
0.0,1
2.275594027873052,5
6.0462299717691295,2
3.984145085019108,2
2.887732040532313,3
6.7243628142374146,2
8.679727587846575,2
5.020401335087803,2
5.32730158342358,2
3.3651988490540026,2
4.149641615867024,2
3.078818362410531,2
1.5046751454200464,4
8.932424282808471,2
9.400680187028867,2
5.6318690806488165,2
6.6303252645561095,2
5.318120712965446,2
4.838884081235738,2
2.5174222214641993,5
5.446421791872812,2
5.2899899987734065,2
4.1842460532023065,2
2.781577892704727,3
1.3533369694536337,4
12.449338954727349,2
9.289576786828999,2
9.037343087322434,2
7.831740468177174,2
7.989070451277452,2
7.726014450460677,2
6.352710898669763,2
6.2881064215172335,2
4.520828819043051,2
3.72738871183008,2
2.520917022647706,5
1.041582878599277,4
1.232338733077973,4
2.8576662254228733,3
3.9729618160925115,2
0.2802449779888475,1
1.2682486681614704,4
13.12342104570514,2
10.550093137664156,2
7.2981083571066785,2
9.051985438333851,2
8.845894639815768,2
7.236116749680388,2
4.691354774832626,2
4.958819095027191,2
2.1597868953773487,5
7.517924809009532,2
6.7577438667299985,2
6.6064002544438,2
6.642063852405204,2
4.817424974407978,2
3.5537831374014472,2
3.3970174834754405,2
1.2126562287671987,4
10.180440796280678,2
7.0950052891414455,2
5.38999766362674,2
4.942774254089138,2
3.4545558827126515,2
3.7624110958486994,2
0.01948881394502,1
2.7934369321312253,3
4.7795467788392285,2
4.277780536395822,2
1.9509523566799711,4
3.7529019633151,2
4.112446033369505,2
2.382398590963025,5
6.7359743942658765,2
6.3605549427573695,2
4.462790884296879,2
5.822082936561867,2
2.363838660808958,3
4.430103987360306,2
6.588560226587349,2
3.5199951069799207,2
4.670819612620368,2
3.7721302505648735,2
2.7628217176504557,5
5.508100859547287,2
5.1058777929374095,2
1.8470797557096068,4
9.891139543626279,2
9.38537472077542,2
9.98887405909266,2
8.25184194540709,2
7.522795513932531,2
6.266813901444465,2
4.866962170662728,2
4.11483941682836,2
3.785663297803042,2
1.2598489254671643,4
12.367474339305177,2
11.312627268775852,2
11.483939095343768,2
8.077426676294456,2
9.152067606211924,2
7.3275324430118465,2
6.787807640981753,2
4.441617712091672,2
5.751523728396222,2
4.3457171357979805,2
2.406410352114192,3
8.013787167647125,2
7.738981997752347,2
6.207760937481563,2
4.563000673365363,2
2.975133013157273,5
2.6427894737856183,3
3.678291891700881,2
3.2328301833023567,2
3.0943651032318713,2
0.466846606638257,1
1.3141216793731894,4
9.224883639912813,2
9.910723902001148,2
7.521514602138952,2
5.80846940020705,2
4.419481568375713,2
3.5271663610720903,2
3.13450383091029,2
1.9959589108226592,4
9.941390223719964,2
7.07621230254072,2
6.222882753236273,2
6.010400162884301,2
4.3602951905046465,2
3.564615599128566,2
3.8524979035317215,2
2.7723623966345143,5
1.1107106993732352,4
2.1035466854996114,3
9.268063797125489,2
8.365710836576731,2
6.416658908373433,2
5.445686603251477,2
6.150136589913642,2
5.1156271441835255,2
2.9033305189430023,5
12.531826831225779,2
9.960920470613065,2
10.37389464728092,2
9.372285524946976,2
6.654575830400366,2
7.2897364570911165,2
6.579705338345366,2
5.941471594852691,2
3.2465880577595496,2
4.1535668233586325,2
3.4340624305152825,2
1.4507741004619261,4
12.763245868532266,2
13.602536350341751,2
11.08664908967256,2
9.05195106960168,2
10.303997099192404,2
5.140712306223096,2
7.961359376134603,2
6.566858197907812,2
6.0678743514787925,2
3.721090002285985,2
3.646946392269794,2
2.4044387178530373,3
6.719420304587644,2
7.329556678748357,2
6.41003882204996,2
2.516043552164457,5
2.3050799439613208,3
4.2727910294762586,2
2.4009812153593653,5
1.7163336128388498,4
15.040694358350976,2
15.288726014696586,2
13.615014660356788,2
14.454900626266966,2
11.932268130060518,2
11.242452479474345,2
10.04941761461724,2
9.156320005660847,2
7.347685880241841,2
6.486294831058816,2
5.219665927548709,2
5.728109368259697,2
2.271782481717056,3
0.0,1
3.329673345504484,2
0.0,1
2.0263368838222906,5
4.501264967603823,2
2.6540665130930745,3
15.232395897750205,2
14.144961795930392,2
14.142728084321547,2
11.390577553562007,2
10.486671693236085,2
10.30861529021822,2
7.0807039205771884,2
7.521291672459591,2
5.995052819612591,2
6.345562134889443,2
4.044754923790192,2
3.6125533695767498,2
2.613284316400649,5
1.6195499300845773,4
2.51617495164692,3
21.409478363797387,2
19.589490861358964,2
17.52720362937607,2
17.523915201653338,2
15.763670770741124,2
15.795199825192366,2
13.216953671821495,2
13.714199483230507,2
11.522941148984636,2
9.683703391166471,2
7.983313893547398,2
10.883358848530225,2
6.5932845258478725,2
6.706612636952412,2
6.985151081610768,2
6.459643069020832,2
7.082845002679582,2
1.8512015231425287,4
19.2575594399988,2
19.274824623820766,2
18.59351087816772,2
16.238050458594838,2
14.888015614399931,2
15.376007612541564,2
14.697899762964797,2
13.262914905204962,2
11.601903333726394,2
10.002415849193751,2
9.10804702163958,2
8.712578568301588,2
8.65792219673088,2
9.178651873749304,2
3.5502095073397903,2
5.185927337633268,2
4.38410365818833,2
2.283383286983613,5
2.0831080731730385,3
3.308930385699048,2
2.830260686483674,5
1.3622808127135395,4
3.4994342853871525,2
4.9058085336292265,2
1.3003567471377508,4
5.136337352631416,2
4.179035772867118,2
3.971142454517498,2
2.5231189064075847,3
11.683465939188515,2
11.67977003812148,2
9.636863284119935,2
7.558423800029247,2
6.2284234816014825,2
4.56784654730887,2
4.000392457943581,2
3.613580208852584,2
2.438065312752213,5
0.2691954486537571,1
2.9633197508159714,3
4.985658315410434,2
5.816628946492028,2
5.2809714993650925,2
2.90547159851023,5
0.9361655156182016,1
2.3562161539686213,3
2.877532062986657,5
1.6108476260536668,4
2.6425075432237684,3
8.7409539533923,2
7.0899321628327385,2
6.933512437541734,2
5.797181952948321,2
3.8684774102375457,2
2.977386644812209,5
1.9616210216729364,4
3.263327897194413,2
3.5756024125539687,2
0.949705597609402,1
1.2022282624681977,4
2.9865151232911384,3
9.289976852306037,2
9.542327182878758,2
5.488418599432618,2
7.512792947993057,2
6.946571441000401,2
5.3847115368294265,2
2.990477227848336,5
4.7844531229149725,2
2.332519448400746,3
21.76944304862675,2
20.45853993354317,2
17.8903621952796,2
19.354942186215435,2
17.561124170836152,2
17.15169080762954,2
15.812212843448837,2
13.829295647546878,2
14.618110569816999,2
12.533117483640812,2
7.505440844086863,2
10.845966803804984,2
8.99801540742309,2
9.567198023081364,2
6.678701937251037,2
6.035195339720424,2
2.9171091038538584,5
1.844884753170675,4
3.2140620844700343,2
3.366032141404574,2
1.1664261274359295,4
6.997850511658284,2
4.574142585337127,2
3.3946701260244687,2
1.8706217384653272,4
3.545736015304016,2
3.5080046457256313,2
2.9267991481098528,3
9.968935530986977,2
10.781422955169587,2
11.385049262208025,2
8.250063910643501,2
6.153644807279433,2
5.077308947623614,2
3.7737901754642302,2
2.719628314268117,5
1.5565032755312982,4
3.041439555992827,2
0.0,1
1.9887969481288919,4
2.7757558612354027,3
3.7381114545447462,2
4.694317613283049,2
2.909502304858538,5
4.254262677172086,2
0.6442122111215127,1
1.989644641669721,4
2.7698949207046444,3
13.097995970764213,2
12.934481303980634,2
10.679977793749911,2
10.451212991201738,2
8.271403415750113,2
7.809772026648539,2
7.071935783153888,2
5.001587976573426,2
4.896329442405233,2
4.408205773912528,2
1.6305212480870943,4
11.273740015649569,2
12.771292089083214,2
11.577989562280695,2
8.823951583562431,2
7.052871389005668,2
7.861142434066343,2
5.724266502039387,2
6.207864136297318,2
3.578510055925725,2
2.383388158085117,5
1.5780539894363592,4
0.9208444692015284,1
3.492929838385242,2
2.6005221536934355,3
10.064430906350829,2
10.093924332932524,2
10.591017163536376,2
9.839007822801982,2
8.402726412324117,2
8.996156773137836,2
5.9808859338768805,2
7.636636226707258,2
5.5226373650059255,2
2.8646260156988013,5
4.965644605356949,2
4.461322017753166,2
3.0295358801253665,2
2.0519941938676345,3
6.251978194925082,2
3.946011181185218,2
4.851854991310278,2
3.8668036735322255,2
1.837897292583079,4
15.060505475674454,2
13.400328489007444,2
10.65627165710274,2
10.948661523296726,2
8.235597619142906,2
9.24600314327892,2
6.789359965334272,2
8.490368785491407,2
5.964118885425718,2
4.468274711635599,2
4.5092159000100995,2
4.285597620655151,2
0.9202771220301325,1
4.274888820152851,2
1.1753122344650635,4
12.606235185992338,2
14.287990143747376,2
12.783864651003055,2
9.834242868655814,2
11.74396971832118,2
9.891553371929989,2
7.657123748487762,2
6.093014028033504,2
6.528544897396992,2
5.161121059018021,2
4.684337629246246,2
1.80718379137016,4
13.569132944491768,2
11.612049378456495,2
11.294383596818935,2
9.357350122991466,2
9.733724910519136,2
8.932280265145438,2
5.388094059875293,2
7.447364207645544,2
3.883994993225127,2
4.630025289642705,2
3.7802216313179287,2
3.0662395099963664,2
0.5649140903992551,1
2.897242286745805,5
0.954050891080914,1
2.1849664410175538,3
0.04001755817911001,1
3.2266882245056183,2
2.5856771969504035,5
2.4691455547002192,3
3.47255188765098,2
0.19507122201909244,1
2.5827019302883842,5
3.21722647405702,2
0.6551645873907909,1
2.1534325497182683,3
0.4493815963664707,1
4.140932748319965,2
1.4239201427605188,4
13.98933215514205,2
11.674103503478756,2
10.907609211620171,2
10.246751591502036,2
10.000670618665431,2
9.635084189692947,2
8.378482517007196,2
7.1208566924402,2
6.208640498643471,2
5.324042073068413,2
4.368140189312912,2
2.4680950410032443,5
13.428505144782116,2
13.224116476951911,2
10.444286850212384,2
8.151498068267742,2
8.041251247482869,2
9.046599866499566,2
8.381205328183372,2
6.004562866407462,2
4.2884127714502664,2
6.490459569566271,2
3.4782757377819618,2
2.037905470424079,3
0.8980082149611226,1
2.6091833441195664,5
2.341343303100373,3
4.785858564831353,2
4.380589921202617,2
1.395523644230582,4
6.363735756871262,2
3.58772335342024,2
3.519178942628272,2
4.036323030605672,2
1.7973112399947766,4
6.082828781472202,2
5.353316191245941,2
3.8679754548745007,2
2.305312824140853,5
2.0228864405429867,3
4.532960258656714,2
0.43972241134783663,1
1.1744344630309616,4
3.5901399533193805,2
2.589377449818186,5
16.17600498175079,2
15.492588168226392,2
13.808919566712834,2
13.774388587718793,2
11.313915135658753,2
12.406686066678178,2
9.132190241378806,2
9.971536806123073,2
7.940419613317637,2
4.836611354884166,2
5.971227232109697,2
5.6433698895817255,2
4.383414419111114,2
4.413832116898986,2
1.504059561630166,4
14.306327259976845,2
14.979001467098547,2
16.055251938480488,2
13.382496341025345,2
10.450848186370244,2
10.55625169853151,2
12.704181621042373,2
10.304832194959573,2
7.3572719098205175,2
7.409383700005172,2
5.8388958673193745,2
3.2403449014478705,2
5.113737221064376,2
3.180478948567861,2
0.721134879108448,1
4.097896591168238,2
1.7819815780304218,4
16.007093736723384,2
15.55343816308205,2
15.022310576355427,2
14.512078304894604,2
12.498149321247725,2
12.985507646509609,2
8.41230328887745,2
10.804146046842254,2
7.562009599114639,2
5.557782480525441,2
4.8036534797235975,2
4.6897777794854765,2
3.39118093592934,2
4.366101891588233,2
2.5373884513306644,3
21.184990672753607,2
20.076077329108738,2
18.31982232769944,2
15.942021844855496,2
17.52535007356644,2
14.5306637605634,2
15.582039286950744,2
15.085380695138946,2
11.470265955115805,2
12.2775462098143,2
11.39380671606367,2
7.654215832778147,2
7.943953856338833,2
9.228057294155796,2
7.681117571968728,2
6.517185961687428,2
4.124665634582967,2
5.57253934378395,2
4.703239077322831,2
3.504317495819825,2
0.34096486043638863,1
0.8743303618039808,1
3.8077492659763466,2
2.2453970063908195,5
2.5832076033330216,3
0.0,1
2.147505030193255,5
4.7513183791587075,2
0.5178141097869261,1
3.8887640077116745,2
1.9410996779367249,4
4.258083193105663,2
2.2960490260518824,3
19.63752523097166,2
18.39609229317048,2
18.00600470472973,2
15.957528109236947,2
15.658644414669268,2
14.950268564394431,2
14.449257584188311,2
14.339952003520123,2
11.907837431361894,2
11.069207019890738,2
10.2138066522539,2
7.880677912241869,2
8.319595019344417,2
7.136926002612298,2
6.6563471677363815,2
7.7574240017169105,2
3.5770875176375534,2
0.9678030223431672,1
5.346028961647454,2
1.0319340742671548,4
19.12169060293748,2
17.580815044840538,2
17.911501265090326,2
15.43801080583189,2
16.5575156900085,2
13.766900160944836,2
14.224142100755149,2
12.88652337902596,2
13.004364794297173,2
9.857451372438923,2
9.942204063605997,2
8.517682784822169,2
5.99321683338156,2
7.187676124751978,2
6.572397755880978,2
6.574959695161491,2
3.0069289725060875,2
3.5519207260834467,2
1.9861199073375457,4
21.894750518194275,2
19.0407780313298,2
18.81980715728762,2
15.677031656996448,2
16.371563494644047,2
15.830557892099929,2
13.175209184298547,2
13.309602621204279,2
14.14291410027498,2
9.111449403214417,2
10.788928407040306,2
10.577028978967864,2
10.525879800319194,2
8.520644384628625,2
7.1188381767919955,2
5.94264985069947,2
3.9478210729430407,2
4.482890664630638,2
3.710075186522748,2
1.7475360559121969,4
20.745668567155175,2
19.1808567115776,2
19.567057794480732,2
19.547138569869755,2
17.18412990596162,2
16.70862462157675,2
16.65555617425877,2
11.246473403245023,2
13.612673230502484,2
14.115616985981374,2
11.857657139398372,2
12.222136106062417,2
9.502569828417323,2
7.460698136249411,2
6.482302841896431,2
3.3092515897907897,2
4.961199092609536,2
2.534789719149133,5
3.304235263666512,2
2.3372893580684284,3
13.304528370893973,2
13.496889381470867,2
9.972208983187622,2
10.55664708349814,2
10.28726162760123,2
8.842893914525517,2
6.605718143837443,2
6.195759709228855,2
5.694037619458951,2
4.001247682401418,2
2.0329196394647835,5
2.6444423915758466,3
3.6617596718658048,2
2.4106255988008547,5
1.2729520226125497,4
5.52423538415346,2
3.099401795748871,2
3.0894564032433625,2
1.0771953462395898,4
6.389224231442517,2
4.575501898898626,2
3.6588354380425407,2
2.10980761264364,3
3.3007553131931746,2
0.4812731415371385,1
1.998986561813104,4
12.761682448795247,2
10.620499854721142,2
9.57809434880279,2
10.190103634296527,2
8.733069806504368,2
6.980531266207852,2
7.515232450900752,2
3.816256925881521,2
6.041695084564434,2
3.7346108616231466,2
3.564072211147147,2
0.9167867529434964,1
2.2576150748591166,5
6.899211341987897,2
3.117884835690522,2
2.494231642388204,3
6.389757377217776,2
4.749490532625798,2
4.4328409087193865,2
4.771327280384554,2
2.8338360877012034,5
4.712557193131628,2
5.059671943319347,2
3.7370872909602206,2
3.5047743809383345,2
1.0107137327724225,4
7.283071433761204,2
3.9546538424889333,2
6.15388528799328,2
2.958129267350093,3
4.571233181870593,2
4.416824442943167,2
4.967269042538273,2
3.011974189065953,2
4.559796978239155,2
2.7070885258535107,5
4.53882020908076,2
3.4731998598699385,2
2.5336583816085647,3
2.3552782026856005,5
1.4319249163549177,4
1.0453694674247305,4
2.3768906911387493,3
1.6135711446533811,4
21.426797276822054,2
19.68012127657528,2
19.67015224696139,2
17.65013919509546,2
18.59929010786265,2
16.944778220235655,2
15.396816107466286,2
13.516118409688834,2
14.22182508031075,2
12.265042269036586,2
11.123850040187497,2
8.759750682154484,2
9.05734660506753,2
8.369641988085865,2
8.14796374962082,2
8.968826691035801,2
6.067292686752228,2
3.9846097478881877,2
0.4243665325082016,1
5.948402285352365,2
2.6269960962313874,5
3.514599445504257,2
3.753533025739293,2
2.595991972254774,3
5.886113947292968,2
3.884011054438948,2
2.1588132251810412,5
13.723211412301247,2
13.063627946840846,2
11.688522709882493,2
11.86043957704578,2
9.606981666682264,2
7.3239510175304225,2
7.144886287865554,2
7.060749271119446,2
6.611724902855342,2
4.9885740180334475,2
3.715470151516129,2
2.0844536599935433,3
2.116661495131833,5
2.6576235115649323,3
2.3228223316845766,5
4.459534338974283,2
2.872699069063005,3
2.3697069373387687,5
0.28371100726455634,1
2.775741656426409,3
1.9808692133618124,4
4.199568949353727,2
2.1821160199099494,5
14.493212594839466,2
16.028537830281902,2
12.113006159526925,2
12.148962147134323,2
10.235749218707094,2
10.171076307251118,2
9.249961009305775,2
8.04127354961212,2
7.094555951406656,2
4.988032471013813,2
4.735340218119476,2
4.006138625961194,2
2.678551841486975,3
5.174509109478529,2
8.137373385429628,2
6.62919598335014,2
2.121793446879752,5
3.1115213540265545,2
4.498812269181087,2
3.2548418393495018,2
1.0738704374855403,4
5.284461349975453,2
4.245367762303994,2
4.322159203106767,2
3.0697309714881147,2
2.276492984364362,3
7.548122192589906,2
6.4820442818146775,2
4.195364856409967,2
4.1628715336878255,2
3.079025902869898,2
1.196448634496288,4
13.614685091937409,2
14.54107524771636,2
12.529135950509053,2
10.66324925614134,2
9.658297928669805,2
9.83513977364219,2
8.124252593834814,2
7.646776179884764,2
6.526759192752483,2
3.852942427670244,2
4.910082684210389,2
3.0958262906556278,2
1.70033638095707,4
14.059094766818873,2
12.778964487748356,2
12.636573447412221,2
12.802980648581574,2
10.796998246967243,2
9.784444860826254,2
9.007981321199374,2
6.0804349725133715,2
6.0249746434712925,2
3.9499158571794504,2
3.2280706457782093,2
2.6232568704297985,5
14.824929678952104,2
12.271082758624289,2
12.133800229937425,2
11.306411996044755,2
10.463529546780387,2
9.026777736584735,2
9.580563415602203,2
8.117387675101126,2
5.013323635302916,2
7.080845357700587,2
3.558062823364472,2
3.8773426467500562,2
0.6700320982875152,1
5.120805574843933,2
1.503450778110742,4
14.802594644738464,2
13.727674046738017,2
13.194279677028073,2
12.185465037275574,2
13.209884483282778,2
8.359811147444,2
8.010407167013676,2
5.899534941498841,2
7.012981000891659,2
6.2143024315114745,2
4.6179033526425535,2
3.4752901284517828,2
2.972722719090264,3
13.648444629018874,2
12.191580396772475,2
10.465691570945054,2
9.01234533196426,2
8.591577002001578,2
8.329816092743682,2
5.221757176908519,2
7.750761820927553,2
3.5689984665688836,2
2.7682595283077154,5
0.0,1
3.2490884935285087,2
1.5464830572667652,4
13.276813691061092,2
11.1392008687871,2
9.380499688202596,2
10.103470374009337,2
7.706426616157062,2
5.874874668993448,2
7.035783195801893,2
6.064984008421308,2
5.407689128138204,2
5.449933019986551,2
3.929888497763136,2
1.9963963836520902,4
12.498209389334425,2
10.807754967849863,2
10.115706642571958,2
10.621158091365976,2
8.598055843037633,2
9.418380196266732,2
7.666215609972744,2
4.963139429341573,2
2.54254449312972,3
5.100962377833781,2
3.907226722263253,2
2.81606571291981,5
3.8421226409223936,2
1.0606475361017775,4
1.3636715674283546,4
3.6812661538884894,2
2.538687008046812,3
1.056155921514915,4
13.954331175917297,2
12.536460572835256,2
11.675844177091786,2
11.940159824421752,2
10.013882752049774,2
9.065740460138368,2
7.223290566862179,2
6.801614308213968,2
5.73111394158592,2
3.5126311231949403,2
4.604828285264453,2
2.5717442681842884,5
12.605743614332953,2
12.311269064356086,2
11.67863474545416,2
9.845171909060607,2
9.467817237362663,2
8.080077573772583,2
6.954358903980134,2
5.595754441990325,2
5.503189095396054,2
2.911174119893308,3
0.08653016739770591,1
0.0,1
2.7239287868712863,5
4.13842953715107,2
1.5428337065991986,4
8.05084460967836,2
5.708304589381928,2
3.782602034720085,2
3.0058416155643943,2
4.336684599044937,2
4.254721408823877,2
1.6430452295408262,4
8.536762659667794,2
7.899356534288218,2
6.014819614621977,2
6.0361931526552,2
4.578248481864824,2
3.8153472246373457,2
4.7900320446508,2
1.214739886178246,4
8.025195608228211,2
9.3016929720951,2
6.420356016034481,2
7.2185128680041695,2
5.290971256446426,2
4.121294914793918,2
2.448469828687758,3
1.4175218272950902,4
2.9346234578661976,5
7.40661015531307,2
7.269110234789911,2
5.977490883040283,2
4.907078926153466,2
3.676438462667415,2
2.7696229789263014,3
5.133123711823643,2
3.609996672386667,2
3.3901582874203693,2
1.3154652090598766,4
5.0253025094251536,2
3.7599885446487415,2
3.1430176638118623,2
2.3434536902497376,5
7.085668553683259,2
6.634174474318439,2
5.848602924534463,2
5.339491489585437,2
3.8963743262928987,2
3.1849711322810355,2
3.5224909795991706,2
1.938121078242768,4
13.287134047469525,2
9.968392921704464,2
6.8182044186491595,2
7.250343027027227,2
5.830041783220757,2
6.431516310293856,2
3.6386776754285903,2
2.339895723993333,3
4.542889874963018,2
2.5770247920445426,5
2.5235893869799475,3
3.942552833140197,2
3.0548633523015982,2
3.194739810163816,2
1.1855969558602373,4
5.354883506932183,2
4.408816767752809,2
4.172487629343468,2
1.7995237175061507,4
4.4771586432644055,2
1.9553742396374967,4
3.731642625432922,2
3.4967450270196125,2
3.7242510137734532,2
0.7226804085427456,1
1.253691524786603,4
3.2480781019496345,2
1.3881914469806964,4
3.6871412666300585,2
3.0524177601413363,2
0.35788780818327803,1
1.9671695511717644,4
4.3167229440346455,2
4.129122155126123,2
1.2248671251019971,4
4.4947588726946055,2
2.9016406197350184,5
16.134683411675258,2
14.34347992562894,2
12.75568224129908,2
12.445854435637994,2
9.90814322385298,2
9.414900780189546,2
9.657952370283683,2
8.453846355512786,2
6.00783279982319,2
6.824931094893107,2
4.812884321519196,2
4.236857896950774,2
1.9859361148331716,4
15.26365353097696,2
11.67458034924408,2
11.995974811321929,2
12.471126376327353,2
10.829556852698627,2
9.11993932598225,2
8.836483670090336,2
7.596757918183244,2
7.91058399529453,2
5.392161894904031,2
4.322320986854163,2
3.0473997900218635,2
1.2468201515680415,4
15.47077030168164,2
14.843839911338275,2
11.904717302365905,2
12.108575304722994,2
10.067615125445776,2
9.074519898899776,2
8.917601635820533,2
8.093421275109787,2
7.1905353047272085,2
5.4467746380585655,2
3.820344953168466,2
2.4248662465279716,3
12.168852874772606,2
11.461499519520865,2
9.646976010365467,2
9.379478408341939,2
8.852748063933321,2
6.47627363905933,2
5.433689882879965,2
2.9456478776781236,5
6.540091630622077,2
2.1563327226547018,3
0.0,1
0.0,1
4.107665979896714,2
2.1923937123325405,5
2.1581442293134767,3
1.8727635974362418,4
10.592131448156222,2
8.425868820084304,2
8.002204318506914,2
5.7456624383070265,2
3.5118883712098325,2
4.394078300817503,2
1.2757443331474874,4
7.000425867015465,2
7.194878737242372,2
7.1345796819388205,2
4.806504830180232,2
4.495916681025572,2
2.6064910969456774,5
2.630173358118552,3
2.9536383194824936,5
3.492956273746988,2
3.7891436519758783,2
2.65981251252375,3
8.887104344907774,2
6.952267672721536,2
8.323922875795105,2
6.602789225559019,2
6.7340255110303335,2
3.2756613193830284,2
4.6953325902107315,2
2.2019505508672705,5
1.3524012524778408,4
1.8368581906791928,4
0.0,1
4.6208892582951915,2
2.6162281265306144,3
3.359348970702908,2
2.0378732225062706,5
2.8376315666862033,3
0.037251916987258826,1
2.9691889052209772,5
4.07095924410204,2
0.3864513531630578,1
2.7252635718356686,3
2.3671150315556164,5
1.2444438015494061,4
3.310704739664665,2
0.21493091230055272,1
2.7255072982891675,3
12.18099956284782,2
11.760268745171233,2
11.788554665481296,2
9.513690204220175,2
8.015974027044518,2
9.366152635332364,2
6.891439676941537,2
6.510715127133117,2
5.041457797821219,2
4.057396900572745,2
1.2767452574668885,4
9.790538888238537,2
11.60591028140111,2
10.050194492971627,2
9.851464821655409,2
9.566346244643492,2
6.942279347954158,2
6.0509058586240885,2
4.686685383049253,2
4.747755299122736,2
0.9285501607942529,1
3.4206253681421344,2
3.6719119625250793,2
1.7095339377316048,4
11.453616450132776,2
11.136348525244806,2
11.536915459955337,2
11.869691520137081,2
9.120167396444195,2
9.388552778457903,2
6.624048148694202,2
5.011878462126008,2
4.571880152165212,2
2.673941460969876,5
1.8862253908887536,4
2.7786413356657516,3
11.373606750984957,2
10.485206448010196,2
8.312328926845487,2
9.020435331278183,2
10.198070988492548,2
6.956393916186112,2
4.661097883686186,2
4.991493710727946,2
4.639887949592231,2
2.626804324982092,5
2.851629890932717,3
1.4722691104514167,4
12.649091200125639,2
11.592608745576555,2
11.93747347763265,2
8.3977133902801,2
10.540065774368838,2
7.874519385468168,2
4.1858661373655535,2
5.952670686639527,2
5.649387109928867,2
3.634527114288608,2
1.9416832839223157,4
12.170258279128106,2
11.772513648625582,2
10.66393480472659,2
9.401396404829221,2
7.339341131920892,2
7.20566073323968,2
6.036420422168838,2
4.9890434362053675,2
3.327050961853783,2
3.3143297731127213,2
4.024474111623287,2
0.8551157056826704,1
1.5799794567018963,4
13.950944321729061,2
13.269925203834314,2
11.709622341260483,2
8.193220999301037,2
8.118617078714779,2
7.632725519877157,2
6.06747597212281,2
4.217161920117226,2
6.347525825054432,2
5.228703093398304,2
3.064044085108544,2
2.055017573445368,5
4.869143792586437,2
4.372275233600572,2
4.097938605547666,2
2.5682689751758705,3
4.110836041026169,2
3.4366425766744184,2
2.097511656330469,5
13.560486382981413,2
14.850003681458,2
13.985272964587866,2
11.364121630275346,2
10.382652146274497,2
9.363766561496123,2
9.23760243285129,2
8.211754136930312,2
5.120792102343807,2
5.296021069964577,2
4.2388889069333455,2
2.3476332604165195,3
4.005478051893816,2
2.737966775843287,5
22.212657437995453,2
19.883804590352668,2
20.1926172877256,2
17.070865618831895,2
16.974996122761393,2
17.659709574101676,2
14.800887181435163,2
14.179404198056247,2
12.91002213294769,2
12.055263200737988,2
12.822093794318912,2
10.293093303759168,2
9.114292640831506,2
7.441044372349322,2
6.5904693609447005,2
5.823736765211764,2
4.8900012469469,2
3.9348219404985336,2
3.0059801083952657,2
1.1679276783679189,4
20.33363683642061,2
19.41913730353712,2
17.47290596913545,2
16.205945966315827,2
14.33517216404874,2
17.161527579682524,2
16.75299264979462,2
12.96323882128444,2
12.649314406235971,2
11.408908852821432,2
9.092894508701551,2
8.930480344663073,2
6.944325149912407,2
4.344279498148339,2
7.822396198225569,2
5.222953782907791,2
4.842358869566763,2
2.5551619066697167,3
5.933683300364001,2
6.031498919347952,2
2.6555370535117166,5
14.69321822103652,2
16.01958407347064,2
16.794656482482125,2
12.917714369035304,2
14.186978777458926,2
11.344292286075971,2
8.849541225028368,2
10.444983564021255,2
8.756317159844691,2
7.696273327203988,2
9.31932822999172,2
3.8190138950450336,2
5.544355890853857,2
3.0381944192086063,2
2.936119127790304,3
7.5351234395267515,2
6.902873034012482,2
6.554158163532324,2
4.489248576955173,2
3.0277132109281917,2
3.3790118348304974,2
2.64823226209698,5
2.9915548990081327,3
0.16055144465841442,1
1.6500925176352663,4
7.846142193647323,2
6.532512834270396,2
4.328362555389598,2
7.770726891930948,2
2.794715357543056,5
3.5600013271452795,2
2.671680561767916,3
3.834123934832165,2
3.174885615190308,2
3.900448088316234,2
0.3943618806499847,1
3.030481026798626,2
3.364819168316907,2
0.22831665685957714,1
4.312505219087866,2
2.2158308148518757,5
24.771836459309128,2
24.274692524425067,2
22.49476184862648,2
19.636095380717094,2
21.18734504688952,2
19.402663702160293,2
16.831190844454106,2
17.04398242584136,2
14.71845129863096,2
14.551318823629348,2
14.265497619242792,2
13.319634855505347,2
12.444089700666124,2
9.002611347572287,2
9.251152354323333,2
8.593063006933345,2
8.063869363128171,2
6.502752892000323,2
4.211830759616382,2
5.909210850861389,2
4.0448489056552415,2
2.153907441798201,3
0.6539023707222883,1
1.959133004786632,4
5.485089250593852,2
5.297985250430013,2
3.442295829346242,2
0.7039170845393334,1
4.660878857997098,2
3.8149018451430017,2
2.081076072437979,5
5.2138339984527935,2
5.793769648330761,2
1.3918001777902325,4
17.081811087826274,2
14.868951991097882,2
15.190137873525837,2
14.429222802086795,2
12.604674651380119,2
12.717172487990243,2
12.297273739342305,2
10.256665979298212,2
8.536526191292447,2
9.719954218351429,2
5.2302485462230015,2
4.9416113056649555,2
4.724172546713785,2
5.140192684072629,2
3.126870441245329,2
2.8372200071837965,3
5.374650705327803,2
6.46660424390602,2
5.275819068692517,2
1.596743564436533,4
8.071399930148706,2
7.9429459990939115,2
2.720062534419216,5
20.84460339040879,2
19.149463912963906,2
19.28006025704005,2
15.506027018427071,2
16.53537829990913,2
14.004403338927087,2
13.335423448634346,2
11.224487329540011,2
12.82328018885972,2
9.333465133562235,2
10.463670158356422,2
10.818551148816397,2
8.190415347740469,2
7.5620215667721435,2
7.233086017515254,2
5.673620984881644,2
1.5918494323795254,4
18.718548271180673,2
16.76867869743185,2
17.59236433847254,2
16.950713590345313,2
15.801211920257161,2
14.419787234678171,2
13.935551501007733,2
13.472792913870384,2
12.039139368956635,2
10.404045418794318,2
9.123040946902476,2
11.543796804570944,2
8.528464745457617,2
6.133729966412729,2
5.349312445385981,2
6.428535844398315,2
5.176795178127514,2
3.777358610427626,2
0.73897571084821,1
2.8590404392248376,3
5.120074250732918,2
4.629857907372768,2
3.3563177377204414,2
2.1382885436806074,5
8.977706627834827,2
7.875480478947767,2
7.1213725370916094,2
5.058586533331937,2
4.797795040770377,2
6.496536774419528,2
3.454566492275412,2
2.0740566306583985,3
0.5172394863306891,1
2.809197259580465,5
2.2138748751970647,3
2.2802617429716223,5
2.847615337677237,3
1.5749906738708996,4
9.759698446973534,2
8.384812979293484,2
6.743003251553615,2
4.776287870884363,2
4.4550127529337455,2
6.39175245200207,2
3.7088099328331157,2
2.275813719413217,5
3.527230481553569,2
0.9916618100717078,1
1.285123477576659,4
1.7791769184013269,4
2.1326557392774164,3
0.8702766404001434,1
3.7957944789753126,2
1.240487767871847,4
10.685464856681737,2
9.050517129754622,2
7.2492787360568665,2
7.519136423069918,2
7.8492010246941355,2
4.435933046147758,2
3.7750339494809437,2
5.448525348369924,2
2.921280472500245,5
0.8872310626128201,1
3.9256690089714783,2
2.1998581582382286,3
