11.856578598875654,2
10.511606676944606,2
10.178380633149741,2
8.952385553240472,2
6.846338489856996,2
6.812262677639253,2
6.3142258187279605,2
6.894633658084557,2
3.850477815329524,2
3.630682746354744,2
1.5556313879895483,4
17.21099544125188,2
15.11653096225616,2
15.486002525465784,2
12.922638772551489,2
11.945711607302885,2
10.731526127736645,2
7.977097210272736,2
8.039110135196202,2
8.219437436692424,2
6.712109306795327,2
5.816547912282636,2
6.0467110730712585,2
3.193461126466371,2
2.71570297835912,5
14.520979184228112,2
12.866797628717626,2
10.973078821099298,2
11.471917761106868,2
8.75955057005993,2
8.778018591726438,2
6.106957420350202,2
5.999031820523426,2
4.404070742231528,2
3.016866566364253,2
1.7017150273238983,4
12.434038207870842,2
11.74097083043841,2
13.039666817939525,2
9.52418875979575,2
10.11842691302104,2
8.696824129890986,2
8.726731094940448,2
5.198130930962055,2
5.9617010617781965,2
2.814759967441121,3
9.530562452011141,2
7.208654012483912,2
5.391065008554981,2
3.3831966834060068,2
4.45328933965496,2
1.3093826824077368,4
11.672825329537284,2
10.489969496123477,2
9.66133215811123,2
9.5205508554272,2
8.65415400370409,2
8.024998382374704,2
7.294028967947378,2
5.659461558295225,2
2.9143240637152164,5
6.252550102778004,2
7.519167978442637,2
6.223429324640915,2
4.142999074149243,2
4.550371082353464,2
5.228677052926073,2
2.7265679571057606,3
3.0533509296720296,2
4.21240358015552,2
2.577115891582058,5
8.836566686865797,2
8.494393832778911,2
5.516667116735271,2
4.544183654915716,2
2.62827221117797,3
2.695854781402085,5
4.931588034258927,2
1.6541596072196056,4
17.499408206748278,2
17.22466700067222,2
15.237075528368695,2
12.727403364883845,2
11.83138112070267,2
10.646322253295807,2
11.369943102915704,2
9.387145091681354,2
8.981551521077046,2
8.171350904710971,2
6.137692506081551,2
6.101901388003503,2
5.026711914419684,2
4.077866303898452,2
2.4090787994483884,3
1.4742121891163635,4
6.655837339350705,2
4.944257335182872,2
3.687108421449442,2
4.388921590655961,2
2.838023644808765,5
10.398037323098572,2
13.451809842820575,2
10.8881592996306,2
12.369125311268904,2
10.463651550851157,2
7.936897997753639,2
7.325791601057007,2
6.251239408636186,2
4.675167430388452,2
4.533973746212952,2
2.8853272781154065,3
2.4394926704468576,5
5.61701525005904,2
1.2437982456054146,4
21.776146743530852,2
19.793960691047467,2
18.149711869447195,2
15.830332358413171,2
15.270697677605646,2
14.880595952931564,2
14.43172464654757,2
13.134770505059738,2
12.279682007234705,2
11.895464947488318,2
9.759186272346165,2
9.013669811084602,2
7.549495387666284,2
6.296044937524582,2
4.789768663367465,2
3.971690825874907,2
4.8361976389483,2
1.7465738663778347,4
18.15642114079433,2
16.130732128615445,2
16.72391315554768,2
15.609846205556018,2
16.421610934532822,2
14.422658175208154,2
11.505677620172946,2
10.79432388866399,2
9.683354235233546,2
9.020407060429068,2
11.397871483404385,2
8.756568321418646,2
5.929947790453093,2
4.885814283565578,2
5.624570266179191,2
4.4527412079571125,2
3.806390890224586,2
2.1642445474542646,3
1.6637000229878258,4
5.0322504018429175,2
3.203931269692368,2
3.607252597523778,2
2.1242648418655388,5
16.459470718545433,2
14.947669501283373,2
14.553345319372294,2
13.359800780450252,2
11.407171640109704,2
11.083845025816817,2
8.908428160031379,2
10.08512510044683,2
10.216670467079377,2
6.776656513955066,2
3.698158411891576,2
5.2080697266296925,2
3.680084534260475,2
2.893044761018777,3
13.477563057316086,2
13.281193594223057,2
11.420319120400064,2
10.209214651500043,2
8.188667523821968,2
7.994311906841205,2
7.895755882439941,2
5.576179303537779,2
4.966259780481471,2
5.190350784908271,2
6.403873144653996,2
2.2397334206829846,5
14.216347143827994,2
15.952499810668984,2
11.809197835503578,2
13.213381020170717,2
10.659429844805457,2
9.018585708325276,2
9.761584306564362,2
7.739108163161948,2
5.535726538418152,2
4.5527330073160925,2
5.806820159936412,2
2.9663742162221687,3
5.162098163905427,2
3.751506041567033,2
4.601954708740743,2
4.048524430248747,2
1.0314971984992032,4
6.1441396453903145,2
4.802935619101241,2
2.458935516870397,5
4.627967496296152,2
4.1461753740569325,2
3.1270120121016824,2
1.7514483854159093,4
4.239005640174674,2
2.7801989000659604,3
17.129790725113445,2
14.331605706563911,2
15.268093610268604,2
13.97568694734452,2
15.357607415228667,2
10.980212671102462,2
10.679427488696817,2
10.237499156989783,2
9.52211506266963,2
7.713126729473566,2
7.752694452068272,2
5.0176582088500945,2
4.965404386541731,2
3.9433539090699496,2
4.094342642336424,2
1.02816710198226,4
21.262462756087423,2
18.08100149440339,2
17.579026822851137,2
17.73823417303518,2
15.899768145610947,2
15.39229240092517,2
15.503949394092924,2
12.400619413854132,2
11.856369149946506,2
11.263735471548891,2
10.055042387478364,2
9.591570795846543,2
8.584991347789272,2
6.126624813889715,2
8.014582140098138,2
5.228842504503634,2
3.8341693092430438,2
2.8456379396412688,5
17.2721449760694,2
16.182025547712893,2
14.652941509223444,2
14.03614622796962,2
11.888792213049015,2
10.506415088843543,2
11.444617727783122,2
9.64840836257112,2
10.0737794984972,2
7.365000712590375,2
6.016231854205994,2
5.110330265369217,2
4.975822904596312,2
4.423397153010263,2
2.7191217765794997,3
11.70392996678121,2
9.952537667653916,2
9.743085751631602,2
7.8792200490415905,2
7.260305277231534,2
7.301868183725041,2
5.430281485598121,2
2.6833328007717827,5
5.444580852016475,2
4.511901430965364,2
3.6127348540616633,2
1.2936762528452908,4
7.492914192414499,2
4.833895633587758,2
6.11323495033505,2
3.6957943681027,2
2.4078984495358657,3
16.747586158532652,2
17.038340754677453,2
15.298052688692865,2
13.982969663375814,2
12.587979783847462,2
12.24200572630948,2
8.665308194315495,2
9.37649303442541,2
9.233256087988096,2
8.420779981640544,2
8.554478919460557,2
5.653468773290353,2
4.451574242874512,2
3.9504173329267194,2
0.3498232374146264,1
3.1234234324070953,2
1.6834756845594194,4
15.937492072868631,2
13.443504704030955,2
14.928898050761758,2
12.467862829909249,2
11.279637441449385,2
9.557283399671364,2
9.184277456805356,2
8.085390831692576,2
6.896890413088005,2
4.988204859211722,2
6.894629325178246,2
5.244172619049347,2
4.4065733439168575,2
1.8740557802616429,4
15.054276598447853,2
14.602254931498413,2
15.721005868754634,2
11.691453232791153,2
11.428753322324807,2
11.19566749572074,2
10.63990378860508,2
9.823652404666968,2
6.818410232817112,2
8.061893089361332,2
6.819748480578926,2
2.7091448270661758,5
9.765812852024132,2
8.949843108192281,2
8.361889122408764,2
7.528262753773438,2
5.715264582383031,2
4.015705859594945,2
3.473243413297633,2
2.683239247027526,3
2.622715291154388,5
3.794007096742196,2
1.8060899676612256,4
9.831294883315797,2
7.978725596661066,2
6.306097889737097,2
7.143308696527969,2
4.426572205850078,2
3.801936388402905,2
2.404706707105934,3
7.047644334466125,2
5.367443336816295,2
3.500430319787003,2
3.2861176540162385,2
4.371845312537851,2
4.559990629112628,2
0.18861532590307906,1
2.379980362674501,5
5.7446768217494455,2
3.980475109165788,2
3.935651575716226,2
1.801175418241429,4
19.643657610257534,2
20.176349138225525,2
18.839410633358177,2
16.131611901641033,2
15.580947196250115,2
15.033139820229993,2
14.481375720063033,2
12.874849722258054,2
10.620870939252663,2
10.821203561970304,2
10.390972797524071,2
8.089639518143992,2
7.211585444751106,2
6.067800510656537,2
3.3140112240697874,2
5.593036571300408,2
3.869728515556996,2
2.4413598346908976,3
1.558741868256061,4
0.955348940775354,1
2.6471574680282366,5
19.6737578284014,2
19.743949687415874,2
17.873455648389786,2
17.911931591730756,2
17.307559822482126,2
16.07697573924432,2
15.170070524318692,2
13.951055082561705,2
10.616337224701752,2
9.597518086718676,2
10.313975882591189,2
8.498549737899888,2
8.578330698985399,2
6.136135276772082,2
6.522512195574072,2
6.910460687373447,2
4.25227076043005,2
3.8226117306733824,2
1.3378875904448706,4
20.791232254899487,2
17.42118399343223,2
18.24519723228352,2
18.356616854608536,2
16.92508907922681,2
14.527367905201348,2
14.223145842373796,2
12.520549469024699,2
12.022629550850748,2
11.362135239787529,2
10.352954384960393,2
8.418202486020334,2
7.851468152156317,2
5.846374966603626,2
5.8977680627202105,2
3.3416584634980615,2
4.511335749143435,2
3.905737629279676,2
2.6459051584606037,3
0.5768330324792772,1
1.9450163767383384,4
1.4126827884215898,4
2.6943453769029397,5
2.3726456020669637,3
1.1980193956234382,4
2.0375207608439827,5
21.664574078553027,2
19.876354378668076,2
17.758606766249496,2
17.008975114087193,2
15.042297500828544,2
14.494568423668465,2
13.192600627127586,2
13.934053699247658,2
12.812381073749714,2
11.556122577027805,2
8.47346964504933,2
10.161439667253411,2
9.527172761723207,2
7.8182375497056595,2
6.6233629527063576,2
4.276983733917246,2
3.6583702364831185,2
2.234876803293731,3
12.084055687488856,2
11.081354629760368,2
10.389331689689817,2
8.949530739525535,2
7.24322830689714,2
5.377240393435431,2
7.0842403451751945,2
4.266166005207799,2
4.3879015326621005,2
2.8730776366308306,5
8.610958823148898,2
6.703639316730037,2
3.8673695597725297,2
5.377748171122549,2
4.661743195348947,2
3.882284523619344,2
2.2782752928611782,3
2.371469196863077,5
0.8781508194768639,1
3.5004225894122545,2
2.0724162530050423,3
2.3818507183146527,5
2.356761822473457,3
1.6094277767180512,4
1.0195841971743946,4
4.31423800297002,2
1.4638110043491634,4
3.2783781995905934,2
1.9290716201810247,4
3.006827758197157,2
2.3704081247158,5
8.697567166112202,2
5.836816145624208,2
7.5866490445261965,2
4.13636605668276,2
3.6377985748863613,2
1.9560595943246888,4
17.702689784934627,2
15.59156070612181,2
14.1540747342456,2
12.716873565209909,2
13.171224955219712,2
10.9897353478174,2
11.432746110482991,2
10.753575968942444,2
9.451301853271897,2
7.635476860026622,2
6.236474244234175,2
5.034441372781717,2
4.39813669493828,2
3.935607533502996,2
2.2798002875082086,3
0.5150758471243047,1
2.009971668450861,5
3.795751101545005,2
4.705504123920639,2
2.8526086729701072,3
15.02291756062378,2
13.015875842448715,2
11.030405192569521,2
11.460703005817942,2
11.59547582459636,2
8.273043679637942,2
7.2839133904597935,2
4.726221578186112,2
7.0768988555343215,2
5.460879671678264,2
3.054822218593116,2
2.4402380003090567,5
16.486434214285836,2
13.65804241080849,2
15.143740253010616,2
11.79860399481984,2
11.49948066398492,2
11.058294331569405,2
8.372691892266205,2
7.7786793464888815,2
6.072373215585714,2
7.443651108411333,2
5.944829238611094,2
4.456919757605767,2
1.4866074924369803,4
19.534010102576566,2
17.572305743701552,2
17.10369024171725,2
13.030679322076338,2
16.865308544267613,2
15.266268747066855,2
13.2632363742275,2
14.816362016499047,2
11.989406899603573,2
11.80105383108192,2
9.145741688126645,2
8.521816233204898,2
9.359196542555477,2
8.212543260776531,2
5.6431564344996845,2
4.567535891585705,2
4.178881924331561,2
3.2724416981726643,2
1.9817099472808581,4
20.001434668457865,2
19.37517862991997,2
18.40497417008189,2
17.835754471330386,2
15.917989906183815,2
14.2479611948839,2
13.952439921347061,2
13.392175731536605,2
13.237525403991127,2
10.749088360698384,2
11.713885436508527,2
9.128588041937054,2
8.260131789640733,2
8.896398260942098,2
7.507747319922505,2
6.642618613616741,2
4.060222901393866,2
4.126953848524726,2
3.2529139584087474,2
2.8482861266791875,3
2.3719176518310805,5
2.261580201291018,3
1.7545754004999914,4
10.845681328331333,2
9.224111364361065,2
9.461902914057957,2
6.988812490183389,2
6.252414013242867,2
5.041035225608497,2
2.8844542761150542,5
3.2205431462275063,2
2.805231412158089,3
2.5973147303804915,5
0.8710711460087811,1
2.4611490113180188,3
3.3617723524639693,2
3.311933400177223,2
3.36202634649149,2
0.185080517672901,1
3.007818063783408,2
0.7396235370304411,1
0.5661612737340662,1
3.8617277638061847,2
0.8976787912975681,1
1.3848666234537057,4
9.52966685336415,2
7.176482913254973,2
7.754603760410653,2
5.4870144986470795,2
5.473104437901016,2
3.219295873843085,2
3.255937447770345,2
0.5597779895556619,1
1.525494373170978,4
8.865900078886284,2
8.661935031648058,2
7.738513061046003,2
7.416040892254966,2
3.2893448356575927,2
4.1462796603442635,2
3.0165550820200755,2
2.6150490674862565,5
3.2003045177760665,2
0.7542809432675501,1
1.0821927927312998,4
2.487206846826753,3
9.825907712546142,2
9.37744410579756,2
8.647686970311206,2
6.080051117807771,2
5.584027940271136,2
4.911569869148137,2
3.124054703188865,2
2.8151179619654085,5
5.287980197178008,2
2.58203867212921,3
1.2057498322979268,4
8.80597071486926,2
8.682004715340303,2
9.813737199018957,2
6.003357698894253,2
5.589425155569629,2
3.8006285960216686,2
3.4583095580385335,2
2.385609882246282,5
3.6341684458067314,2
1.5641176327340236,4
0.5724622896336731,1
3.025917208007492,2
0.6240334420115454,1
4.075554342603772,2
2.541516069279864,3
9.99750208842918,2
7.300428341958224,2
8.185071631163487,2
6.519064099558513,2
6.485223368126577,2
5.079642447688246,2
3.257283336777797,2
4.298306728026015,2
3.6211110548797913,2
0.05376826685467151,1
2.25916225013327,5
0.17510470941744538,1
1.8669240907349811,4
19.370105293361107,2
17.583894503900737,2
17.842898489684856,2
17.48122177707752,2
16.079211701156126,2
16.16349468894638,2
11.988204107007766,2
10.742037114800882,2
13.692241599479857,2
12.253253986524832,2
10.659408981365633,2
8.405513622048959,2
7.620876101360018,2
8.508449949703419,2
5.5867903165200605,2
4.634079111227749,2
5.073125579733646,2
4.1317526521337715,2
1.3598778267742135,4
21.418892204239345,2
19.271326937196953,2
18.97863278098736,2
18.670683823260948,2
15.959750744575539,2
16.27970513185322,2
14.793282604608883,2
15.130833794460239,2
11.859602847359836,2
12.584745992386972,2
14.552684125471046,2
9.688624379469935,2
7.861916329269098,2
6.5178673703390375,2
7.823823277310753,2
7.4242191475288895,2
5.386440259487488,2
5.2510984293119485,2
4.455650342207281,2
0.0,1
2.326432071281885,3
3.0483593707918173,2
1.1915446326235304,4
2.0717577496537696,5
19.730887438672067,2
18.478265870251214,2
18.46250710002537,2
15.386984553852994,2
17.472430858950144,2
12.711974895057788,2
15.521623405111134,2
12.212078522584116,2
11.96899745463135,2
11.130783102809492,2
8.118169199412336,2
10.869653163439057,2
8.354229243713776,2
7.320715553976041,2
6.646502088484992,2
5.644983477982812,2
3.4731975610396795,2
3.359689807120683,2
2.788133630216838,3
5.981642331677217,2
4.202072597056981,2
2.716069311033872,5
17.470531905403785,2
13.604093570497506,2
12.099765570692684,2
12.900001439708886,2
11.048173624484296,2
10.738477510592842,2
12.641866636101543,2
9.135715967702296,2
7.9615585049172815,2
7.027539473319982,2
5.9710486100033044,2
5.96691341007042,2
4.320302727792069,2
3.301006433680994,2
2.5941880621932287,3
8.296536183910826,2
6.903036515430795,2
6.306267068807548,2
7.149619137130351,2
5.3659608712560045,2
4.170478651508577,2
2.0586815523639093,5
5.71282169283052,2
4.445927741375004,2
4.047425810691839,2
2.774595807547589,3
4.96916264549027,2
5.3028575987635636,2
3.7057464332506136,2
3.667740454245335,2
3.446861917583097,2
0.7725828443923852,1
2.9285596908421274,5
5.7463423472217885,2
4.3080613710665085,2
2.1449186365955257,3
4.234376653343056,2
3.8532531101313663,2
3.5104581148294067,2
3.617230686533452,2
0.0,1
2.3787777914135657,5
2.44190733240706,3
2.7103929718379947,5
0.9107156924308016,1
4.501984230913164,2
2.393990345784375,3
2.021398456085327,5
1.4537993166146856,4
10.122386803951716,2
8.535550428637166,2
8.51486722200832,2
4.270817186842499,2
6.830932604558786,2
3.754448343339849,2
3.958819103114828,2
2.744206157308544,3
10.157801251526527,2
10.585284265212746,2
7.116635042106432,2
5.805831019093206,2
4.402157231744303,2
3.5878651064641423,2
2.5182992060719402,5
5.205428555304144,2
3.595458140902415,2
3.517106065705266,2
1.974719172412887,4
12.024534551117165,2
10.837358113363367,2
9.357450574538381,2
6.3664919702327465,2
7.455942549777688,2
6.599002900866847,2
5.897658771519404,2
5.410574139332451,2
4.467794656243947,2
3.3581544662636453,2
1.633206115044682,4
11.310078670800353,2
12.039367800145376,2
10.653515567200804,2
9.1115069732963,2
7.875170357506231,2
7.490630380687414,2
6.977777494692438,2
4.389080073170319,2
4.591452078624274,2
3.2346565753205536,2
4.302529655232743,2
3.5698365254576236,2
0.261586569247562,1
2.379421572490625,3
4.584869210241656,2
3.7465440342850287,2
1.9867110989544272,4
7.363634016390081,2
5.676883396915637,2
3.9047531850432695,2
0.657253790115683,1
5.135216692328363,2
3.1545470797781814,2
3.2093491628136546,2
1.820638824516347,4
8.782813229682343,2
6.0764528736700125,2
6.3361324689172855,2
4.548474120308755,2
3.763417253314004,2
2.3524971221252833,5
3.1136332083815623,2
0.7109563364027196,1
2.6550336741934872,3
4.548875873906104,2
0.5623746755886572,1
2.367974253402612,5
1.5014617224172777,4
8.639156087823428,2
7.8236819688940775,2
4.25386734909887,2
2.9123972294502187,3
10.482046317933866,2
7.393343026614178,2
7.263822039326551,2
9.83187651443859,2
6.113792298000876,2
4.133198030592087,2
1.5997211160008629,4
8.64988412922337,2
6.1883362093015375,2
5.661343224175176,2
3.797534256802799,2
2.9207813201513475,5
5.126044429926715,2
3.595368097409898,2
1.826770849428428,4
12.777956317132006,2
7.856610941454113,2
9.184101691859428,2
7.730454096354141,2
5.1690384760208605,2
6.298346262425016,2
4.200915986592597,2
4.8739986705659675,2
4.570504268297861,2
3.446306327320664,2
1.286014418598357,4
14.42478283065773,2
10.83038428670422,2
11.008896824552188,2
8.064995349327226,2
8.104687577186457,2
7.405889003295983,2
7.823614621826547,2
5.448362202929978,2
5.146848385256197,2
3.681659395632391,2
3.6858795786095064,2
2.5120886083722995,3
6.8113357739333615,2
4.076895083604857,2
2.2429694271608196,5
0.6110658492252277,1
5.214803335406712,2
3.638445574525529,2
0.0,1
3.220462467103736,2
0.561521071089536,1
1.5462462941896762,4
7.600906668007736,2
6.048598551843692,2
6.025978278174152,2
2.1750059468237435,3
9.2842027357401,2
8.945101948458623,2
9.433346848837141,2
7.269248517615901,2
7.032290426718774,2
5.445044986682927,2
6.458270140988934,2
2.469127994826445,5
2.458541595151868,3
2.199173146822623,5
4.945711722950735,2
3.3196073893244598,2
2.1405414848661786,3
2.329450377204716,5
0.8711851546362883,1
2.486456317077431,3
2.5069660943724794,5
2.7904416902159954,3
2.437575857634601,5
2.4261743620579024,3
2.257785397976912,5
4.366282374592126,2
1.862146282397615,4
4.677677489188627,2
3.5234369123694638,2
2.874167214795848,3
7.893202933560421,2
8.456692113159272,2
8.367905201091121,2
5.695191151895084,2
5.012944185610933,2
2.9091614653979363,5
3.9839911750450017,2
6.074562124359393,2
3.8705534036314284,2
1.1233605759600271,4
12.692921725662739,2
10.242308033673883,2
10.59495570047477,2
10.594495967171069,2
7.626167718660784,2
5.765052206036461,2
4.513615084935474,2
5.773269974887537,2
2.853451276385544,3
5.313180274367571,2
4.085318759515672,2
2.110826960364921,5
4.467272425684146,2
3.562019867256732,2
2.0222629681542252,3
5.679471946433315,2
4.453949080950683,2
3.4385842744429613,2
2.501587534856975,5
2.068016764822356,3
2.34979430785119,5
3.1153204557581233,2
1.1710963572155182,4
3.276622717948308,2
1.8902848147777271,4
0.0,1
1.9951271498940315,4
1.3481889596238588,4
3.4953063950800725,2
2.435699341462503,3
1.978017099957504,4
8.409068804178974,2
8.826374421519898,2
8.354423192365704,2
5.671092624770767,2
4.69768033083287,2
4.2027506638602965,2
5.979130186477635,2
2.7394557925382204,5
1.6506251276269412,4
2.8211068112904147,3
9.191109680563759,2
9.116718526284302,2
7.362124233467323,2
8.283926245763366,2
6.080496163011798,2
5.7026869210907885,2
1.8401787280567743,4
9.188102980120975,2
6.279190001316861,2
4.2598622035908065,2
6.068478178043341,2
4.161640746359608,2
2.2980722886148337,5
10.90226299569491,2
10.143789421692432,2
10.691130186984289,2
8.579089885568013,2
7.957252453299715,2
8.084074951047151,2
7.859691417809093,2
5.6610033392277685,2
3.2984215484555763,2
3.437570864693377,2
3.8329950904683705,2
1.5717575638855337,4
13.432334885290155,2
11.633961957278373,2
9.507948922896528,2
10.219546759114555,2
8.714226009823642,2
8.950925289843422,2
5.719388128339299,2
5.986998834453736,2
4.37423751856193,2
4.604394387265072,2
3.443418911002836,2
1.6104089497383232,4
11.064468351800928,2
10.931987159341658,2
9.240725717754804,2
7.964141990705231,2
8.06876330021204,2
5.740536617410313,2
4.8560924876697715,2
6.144473893135997,2
3.2207780549286467,2
2.3368897267642463,3
2.9881791889838163,5
3.7708911622444674,2
3.6898208971460926,2
0.4419002298935405,1
0.0,1
1.7650818983025431,4
12.853960441264519,2
9.669453838635693,2
9.69574074953148,2
9.583594935320225,2
5.538444982051594,2
7.609647463338772,2
5.094095967648426,2
3.878318043914589,2
0.6845323486668393,1
4.135870235598828,2
3.8182723439176987,2
4.174004206389481,2
1.5077212080424054,4
13.325502380608725,2
11.30901371717874,2
11.433500963231351,2
8.884502278552109,2
9.225802207716095,2
10.069982657163717,2
8.071970307151146,2
5.006461204079415,2
4.354970413726697,2
6.231584152085191,2
2.262969093278227,3
3.5557010365664827,2
4.0813229689683865,2
1.1154442815593582,4
10.25960547109681,2
10.104272113358558,2
9.251491197041648,2
8.145328223554785,2
6.220877588586412,2
4.8726060649450025,2
5.725649654998733,2
3.9883960726997296,2
2.020918578110997,5
7.936412838721335,2
5.874513912190717,2
3.935394279842269,2
3.634838467875588,2
3.6142931447220352,2
0.0,1
3.5518510926212628,2
0.0,1
1.5626849664914726,4
4.556304818363892,2
5.759573351364333,2
1.789838646985207,4
3.689007670903092,2
3.821499261323928,2
3.579132899465889,2
0.011643320138711388,1
0.592284759658146,1
3.9485668491842594,2
1.5362328954309707,4
5.106660299314656,2
5.250044114062253,2
1.8644564000958463,4
4.520701073993013,2
1.5481176529953138,4
4.440427013413512,2
2.7691887484530877,3
7.962519685155968,2
7.382221554837753,2
7.448752901461455,2
4.5104390998803385,2
6.036417460116121,2
4.175310005518533,2
1.6653867093515935,4
7.343304949470907,2
8.238229310838108,2
6.560231723379732,2
7.208137051332705,2
4.527586254583031,2
5.35318529406129,2
3.2585741090051847,2
2.428952646221545,5
8.292595031998173,2
8.472920580516549,2
6.4568939709311834,2
7.694551853014978,2
4.796284547533394,2
4.399885940257339,2
2.8870179209452616,3
1.9942371570269783,4
20.77892119666502,2
18.625130491721148,2
16.970464242690117,2
16.16715204233896,2
15.758822421802778,2
14.03369631423251,2
14.290293349443829,2
12.934028834963286,2
13.82017679801926,2
11.160719362622556,2
9.905776861094381,2
7.916892831464644,2
8.849109793249863,2
6.868060854092682,2
8.019223386577213,2
3.0123924948788465,2
4.781613171887424,2
1.6951590006155142,4
18.628514112996868,2
17.603924211662267,2
17.775858059228295,2
15.698354039193454,2
14.359129065191235,2
13.244783807143696,2
11.835617550466385,2
10.892027355280256,2
11.870195239398663,2
9.774252914024476,2
8.608908278666746,2
7.714291029536487,2
5.7676282180714225,2
6.650375351135925,2
2.7869661294467205,5
1.41243376849196,4
2.4607737272409285,3
17.57312233475377,2
16.095545416953772,2
14.010238958931827,2
15.441302164488466,2
13.319609186927384,2
13.38182657123415,2
10.510488495468774,2
10.30823218336574,2
8.998682926023418,2
7.656771031255655,2
7.2548057465898275,2
6.502477085943549,2
5.045524706817644,2
4.677286106684855,2
3.678025032157709,2
3.0876351171005947,2
3.154072941697545,2
0.0,1
1.8545782678724148,4
19.58665673605222,2
19.041360970990894,2
19.708550917699963,2
16.210346075356743,2
15.577124860585265,2
14.913658060867824,2
13.102215651172347,2
14.756385404401419,2
13.910559644446908,2
10.666384110667526,2
10.375326847982867,2
9.763627600980584,2
8.609681857028548,2
7.090381077194241,2
6.1469810990512626,2
4.2735894023470085,2
3.87149626725156,2
1.3376581461533503,4
19.09066750268559,2
19.02849158525853,2
14.972983400160976,2
16.674911781751444,2
14.661585513227134,2
13.576353602611535,2
12.690492419022029,2
10.87722870381593,2
11.212458145955075,2
8.001623799638319,2
9.929264651830618,2
6.475014585712022,2
7.97317980592917,2
6.7178667383496435,2
5.725712112131507,2
4.190721258285447,2
3.3172304457062722,2
4.568341471430415,2
1.5899946865669892,4
21.004363627798877,2
21.047870180918924,2
17.37013692559334,2
17.110416455157313,2
18.28498820092255,2
16.754303727483116,2
15.145456250250087,2
14.428625913148851,2
14.067357636342445,2
12.602898297854328,2
12.77691214231166,2
10.162769632467981,2
8.310343528734906,2
8.53295592584688,2
4.50042352640788,2
5.133739627574082,2
6.869746804480307,2
3.1382950677912587,2
2.892165909119869,5
3.4530269064288164,2
1.108088936994767,4
2.7279408244830443,3
8.921640694108296,2
7.5490988447520175,2
7.939610325498261,2
6.529182036257758,2
4.649330876761829,2
4.8299363712851235,2
2.039597375662178,5
12.115217693848738,2
10.346236253312654,2
10.460783950831065,2
8.22614678895861,2
6.481769772938713,2
7.760711386760281,2
2.7669834245064964,3
8.467327405063985,2
8.123268953122897,2
7.381386597713918,2
6.835401571273378,2
3.703555729411608,2
2.0571179481401027,5
3.2801947757074377,2
0.6082889112496725,1
2.5128963672110425,3
3.4207543350826253,2
1.6688660025242734,4
6.503359426380002,2
8.538874442765886,2
6.801125532362282,2
5.701072396706687,2
6.057841609255331,2
3.6137160434117175,2
3.67760890839782,2
0.9344586703792854,1
3.3942347216363467,2
0.7968533068310135,1
1.7675837599055333,4
9.683987838615609,2
8.086442828229213,2
6.7210902129582015,2
7.117379858432157,2
4.389286905239355,2
1.960667325223299,4
9.12455941292198,2
6.088507494478972,2
5.5557868547390346,2
4.885173610975703,2
4.066195419104059,2
3.2779713570626448,2
0.7790871776855643,1
2.437488459120904,5
8.273400226952818,2
7.0209771577636575,2
6.908793436066164,2
6.457404958533517,2
4.111002653301375,2
1.2508699320070702,4
12.137137146406822,2
9.709840881452775,2
9.194727876805002,2
9.338186067657599,2
7.9481574943926825,2
4.750893623192305,2
5.663862369234037,2
3.709902489493987,2
3.111399180941361,2
1.4009190132730478,4
12.751059824040384,2
10.878858275955839,2
8.943163365842382,2
9.068959596727751,2
9.647691156718523,2
8.028164679829763,2
7.120872909862848,2
3.485755003577209,2
2.834414832861196,3
5.715287068591511,2
4.302208843466973,2
3.8112609485333744,2
4.074646524532987,2
2.9059754755009406,5
4.266306278846167,2
2.5408577675478834,3
5.559908126494885,2
5.366113924294265,2
1.7350473946882832,4
18.715245473014807,2
18.75363448194216,2
17.591233709770325,2
15.212819984612675,2
15.869259775573713,2
12.564269316350492,2
11.77529621652013,2
10.636340744949058,2
12.149288053846224,2
8.736669030712296,2
9.009320257510044,2
6.229500829060464,2
7.520897993885832,2
6.812716690807845,2
6.3266465712019775,2
2.974272701974761,5
3.1156254418355114,2
1.6458715027366269,4
5.205298075004377,2
3.479196307815072,2
3.021752764207031,2
0.8125874204570085,1
2.0440117724647813,3
5.083885257890997,2
4.469693925253507,2
4.190749980555142,2
3.0174535446515085,2
2.1857859015342878,5
1.9789289050634644,4
3.9210035884342567,2
3.724798974318824,2
1.6324628965302956,4
3.45578882657262,2
3.6464654693799163,2
1.2243752105936665,4
3.3336244204505827,2
1.4075384858010518,4
3.236536615079844,2
1.6183811423114545,4
2.3251680602217903,3
19.2740661744134,2
18.756171277822897,2
17.931392252313646,2
16.434800329265478,2
15.203840446900248,2
15.163305166076992,2
13.612581405718661,2
11.340445110930846,2
10.928423340238904,2
10.548262405555016,2
8.678980692360106,2
8.425454969083244,2
7.062332592635268,2
5.237413268288638,2
5.643826836901478,2
4.812294922140656,2
3.77593850684546,2
2.4326045189443217,5
13.962162091364215,2
15.438906717896561,2
14.436557533216893,2
12.168739907288556,2
10.94027089310325,2
9.225773718326133,2
8.192451189165594,2
7.592349828390704,2
7.142410738173674,2
5.760703903768555,2
3.3903055336409267,2
3.8259785009996152,2
2.8537245216912566,3
9.833351191040975,2
9.186163897219057,2
7.2755407409503166,2
8.204896367574221,2
6.410597012713889,2
5.494626525587703,2
3.550189098045507,2
2.471574624303837,5
3.3464092295083105,2
3.0149347847418833,2
1.4129548595538046,4
6.989787709777727,2
5.173993123877255,2
5.864681471184119,2
5.979675329026031,2
3.3494911587930214,2
2.637050902640558,3
4.227730160240015,2
3.174988103928837,2
2.8437958350786854,5
2.896605246350314,3
1.6012165052848353,4
13.540813494381,2
12.421229859743507,2
10.445978107814355,2
10.607010146525347,2
10.312615061158127,2
8.411121710298136,2
6.720227302420084,2
7.4303182830988925,2
5.01783448251599,2
5.667404214315794,2
1.989556164164629,4
12.88847570292306,2
11.018099482683358,2
11.864311779996955,2
8.587996156593356,2
6.930766775382563,2
6.923785803388497,2
5.1752589793290005,2
6.420533942466083,2
2.840332418297497,5
2.1714833834083453,3
4.902574999348489,2
1.75965360768534,4
13.679055352343722,2
12.032738002281082,2
9.62922771287837,2
7.589774741991178,2
7.571206947982128,2
7.00727495920179,2
5.108225346682612,2
6.570506632763661,2
4.303667700554884,2
2.7226953136171903,5
12.340085675940154,2
9.142686788163383,2
10.0498804312522,2
7.791976860892872,2
7.3063953485808435,2
5.876891142945461,2
5.442080717626097,2
2.7586114934910144,3
4.158806837897978,2
1.8982305830784958,4
8.175748968858336,2
9.213935256292023,2
7.427765801844827,2
5.7107462454117845,2
5.336107700398111,2
5.2512743947791085,2
0.8222218050787262,1
3.7569330334345565,2
4.279322157632016,2
1.2702322707611624,4
7.908580331240328,2
9.609002382200043,2
6.321905478648598,2
4.975740117648044,2
5.648627135859004,2
4.3990714307668375,2
2.807197142778328,5
4.785469711688245,2
3.2513138486878583,2
3.4279978269566014,2
1.1715966477325612,4
15.451491872577744,2
14.60377108042268,2
13.476874248838065,2
12.095726679540961,2
10.673473317956462,2
10.462049865803882,2
8.820623921406048,2
8.346003006511946,2
7.739487109423039,2
5.7868365824084975,2
5.293801049033903,2
3.772118576884064,2
3.1843108077289326,2
2.376031152649968,3
6.408803603539072,2
3.9409871523105937,2
1.1420434010040208,4
3.6316445076769055,2
3.688825933283874,2
2.6866361791474587,5
15.053947196304774,2
13.053547652142312,2
11.72479884425716,2
13.767185439227633,2
11.171641798317205,2
9.6020969464126,2
7.115677754803692,2
6.231442072566068,2
5.404059092873062,2
6.018997538240648,2
3.190581870277594,2
2.756745991425148,3
2.6623823719869533,5
4.03523914635504,2
0.7074373415753059,1
3.2632692718764167,2
1.5255863228105495,4
15.265705216416418,2
12.689454385843296,2
12.259713151916218,2
10.541635212252565,2
8.609158390723152,2
10.473131541173824,2
8.767219152033118,2
9.022916016881798,2
6.316924668630445,2
4.4502419913914295,2
3.119668150716119,2
3.956052571147605,2
1.9306822774906327,4
14.736559979602873,2
14.688795888155505,2
12.818264524210493,2
10.316098257390577,2
10.871997515694465,2
8.6485634276588,2
8.042590934037927,2
5.860127413037957,2
6.312464663048379,2
6.824801694604008,2
4.6466964043798615,2
2.594248068302392,3
2.9278022539298205,5
3.4673591889811637,2
0.9867696371567584,1
2.1624705478613158,3
3.5030259190529485,2
0.10068630308654836,1
3.623335120892668,2
1.2988241680037345,4
10.274067468259858,2
8.979812332221524,2
9.075817679496037,2
8.599219964924169,2
6.48009315044026,2
5.059545523547428,2
3.7518777897567417,2
4.385683795103794,2
1.854843884276316,4
9.929868061042878,2
10.15061370211077,2
6.6787717030298746,2
6.659037405168488,2
5.1476428021464935,2
4.150574338144645,2
4.447155729075901,2
3.8570072556715425,2
1.950061098151896,4
9.745374553200142,2
9.257398212411868,2
7.471211519666157,2
7.248692247396106,2
5.813946655005197,2
4.9928723677240034,2
2.8705396649571067,5
4.117717826465402,2
4.339827003401767,2
2.0991697024663742,3
1.941995308110927,4
7.67507162108495,2
8.262756048898718,2
6.470437483082822,2
6.161847230285813,2
4.192085514367826,2
4.542570034809152,2
2.0866758357358988,5
6.35749308907837,2
4.4286335104094325,2
3.2564863181323545,2
1.1424469897253948,4
13.587700598692756,2
11.716554556186356,2
10.333635524518508,2
10.077595929007703,2
11.059661251498737,2
8.713933111134246,2
6.195490042798053,2
7.655423882409019,2
5.974796595471747,2
5.879973190408973,2
4.456359067229995,2
3.2965047682041253,2
0.8193250671022231,1
2.5012962757118657,3
35.32629808757368,2
35.031684406180226,2
34.384363478204214,2
32.26195376575443,2
32.9414837303433,2
30.12315079283205,2
31.59049754957929,2
29.964055725592896,2
28.236297067943784,2
26.86808773782878,2
26.329015673526783,2
26.63973159849493,2
22.88178718361198,2
22.887298186598624,2
22.327270068388568,2
21.720160641111907,2
20.243064331133844,2
19.61134919309932,2
18.2174498569707,2
16.91366184145668,2
15.702961976386595,2
15.776477466418012,2
14.302164220844482,2
13.672563521964149,2
12.720521350850525,2
11.130306048417983,2
9.645091525523684,2
9.191277118169953,2
6.587328503916927,2
5.937274886343276,2
6.8943389677637805,2
4.916649899276348,2
4.106422256279649,2
2.700775155296502,5
3.2126455282690785,2
3.3075698854540136,2
0.4433400839237802,1
1.7289457401183057,4
3.0316985617500762,2
0.0,1
2.335970980966055,3
5.352761083175971,2
1.8135893236118683,4
11.133741989430339,2
7.632387154692236,2
6.669238585464045,2
5.618687601154262,2
3.8843550615575486,2
4.824770892812488,2
2.625061331531047,5
8.266662720439463,2
8.278664848020673,2
4.7689316151886265,2
5.878421476012539,2
4.124284744362068,2
4.160966444549299,2
0.17084754330979268,1
3.778558941883323,2
3.765836093463703,2
0.6167314922885885,1
3.6432718981016703,2
1.8907792218327115,4
12.728707302049287,2
11.047588055337052,2
11.890792106382651,2
9.043818974705177,2
7.9141958560117915,2
9.350852949633335,2
9.408963480573936,2
6.444461074009517,2
5.397257970207894,2
5.200293221370352,2
2.94462560094794,3
4.0875699179086125,2
2.7282042272176943,5
2.762967616587534,3
3.246933998433577,2
1.5922134491937232,4
9.95450266907702,2
7.684565012712811,2
9.061455529851614,2
7.9963982844168875,2
8.444694768958566,2
6.806461859541957,2
3.4119005174646446,2
4.148328928253108,2
2.688731953585446,5
5.865372439288111,2
5.209144572996128,2
3.0541398887349303,2
3.6252776811985403,2
2.13657923691474,3
2.8864607096117836,5
1.8500748369795863,4
4.35374671682721,2
3.5832665750452697,2
2.9847283463509933,3
7.430329049255445,2
8.09701131980705,2
9.319968567883912,2
4.858436243859262,2
6.443146338008896,2
3.4120099450471186,2
1.07344084168927,4
9.931720025969877,2
6.788778831494891,2
7.383235274349527,2
5.339407819989399,2
5.062334993383983,2
3.154899885888413,2
2.8602838856177994,5
5.4005610136258,2
4.065021075857973,2
1.7236259121950581,4
4.699515163227738,2
5.527754594244361,2
3.436863453411761,2
2.8796297167979743,3
7.086929990428955,2
6.063507315987775,2
6.722396928320342,2
4.10607978819804,2
2.951705940884356,5
4.550378445466705,2
3.6662271370671387,2
1.251118208727727,4
11.558336027024396,2
10.09751506477358,2
9.913303994788354,2
10.204506214116162,2
7.839705898660357,2
6.211733072022352,2
7.070416132907383,2
3.4840912777917312,2
4.724830412876448,2
3.7192583033091378,2
1.815455264268887,4
12.258573641037064,2
11.053174585958915,2
10.240653562820489,2
8.70474441861118,2
8.612701363225558,2
6.862264113234812,2
5.64862673815767,2
5.16084617184851,2
2.4674135735706155,3
3.629305902557188,2
3.479354173348602,2
2.26781925325941,5
4.234934537623858,2
3.1471529706884165,2
2.2049958933213185,3
3.639166166192264,2
2.8971491449331936,5
1.695642109119542,4
5.560239279537607,2
6.027116710677882,2
5.722852734551601,2
3.0969010699799533,2
3.8508781178462432,2
1.8232765559857167,4
6.936897513501848,2
5.482543373315137,2
6.327049010799298,2
4.7109217488668484,2
3.593380161672741,2
1.4098208591194763,4
8.998846559591698,2
7.2826959893216685,2
3.756469454793218,2
2.489989630284032,3
10.636873533157717,2
8.634379364402747,2
10.029571785821775,2
6.096561155554754,2
5.915109347615303,2
7.644026220445213,2
3.4716514177801048,2
3.4127314553850763,2
0.96680329446462,1
4.147675992962799,2
4.21840066643807,2
1.3744007333294226,4
9.585183118034848,2
9.608955549864877,2
7.371923239816444,2
6.810215678738604,2
7.700215621854073,2
4.275076033588368,2
3.8065544139738763,2
2.190109783406987,5
5.384954978305802,2
2.858655247198147,3
4.873583482551493,2
1.3619330991943626,4
9.113871713721817,2
8.144473016857699,2
7.448550237298821,2
5.630898402958692,2
3.7594260792661673,2
4.630478527240268,2
2.5617559150761986,5
6.745209695907601,2
4.81380949440326,2
2.785957146122163,3
1.0274525175646196,4
3.1940621486212097,2
1.5584499577051518,4
4.547479283364818,2
2.208951894834848,5
1.6271506907743336,4
4.322593049140783,2
4.32694408564622,2
1.9881532855212312,4
6.047058563983178,2
3.6124901603569297,2
1.7967645337281246,4
4.9728018636840305,2
1.2538438555249236,4
3.4353200886722783,2
3.4709957125036603,2
2.0054932085609782,3
3.6739667140215833,2
2.4471253104724147,5
6.77717233001726,2
6.106845777627597,2
6.060801791979817,2
3.1103666236752057,2
2.0845194606840294,3
2.8485249789078746,5
2.0080708330014043,3
0.0,1
4.260265275007345,2
2.7044043872342174,5
4.331391247758711,2
1.8281207251837293,4
10.243909343443397,2
9.620211748198887,2
9.097349807302212,2
7.613161209983055,2
5.898458083838627,2
5.4883521994616915,2
3.970884714394949,2
2.661634272929097,3
7.165677401837407,2
7.628304275602564,2
7.898539072742333,2
6.922953388736343,2
3.7276809672017013,2
3.4929175402403665,2
2.8348910935945204,5
4.913593218793087,2
5.79425947048513,2
5.6009517106894045,2
3.3765980392615957,2
1.621894740348526,4
12.911187364952074,2
11.178540451473255,2
12.039691793004966,2
10.217120091875175,2
8.690650908496027,2
8.623142122380425,2
9.33315733719595,2
6.7427165128344715,2
5.973117531071259,2
4.0545417946059255,2
3.5678446020245587,2
1.555036072143375,4
15.020319005376324,2
11.321805247097275,2
10.284479613547004,2
9.596404959410458,2
8.945820923416662,2
7.08781769122975,2
5.818841525998676,2
3.788610532658628,2
3.8348257558680903,2
2.7600353103620665,3
5.706506190497278,2
4.666540316900193,2
3.7495755644935,2
2.4115391709255984,5
15.419343184402713,2
14.082326674898393,2
11.013994278437735,2
12.412214750436958,2
13.030041620875535,2
9.601802413510931,2
7.90106778181857,2
8.565092509749013,2
7.564215252361066,2
5.220696493081842,2
4.735771942276208,2
3.7214460264118734,2
1.7165158749131404,4
12.99996832965492,2
10.692911495785472,2
8.561881713238172,2
9.428397517272968,2
7.3032032277276935,2
7.932631892378857,2
5.895832824873847,2
5.034456350071033,2
4.531181761892067,2
3.779806686870737,2
2.2665119821149107,3
11.319893019112428,2
7.994795768424739,2
7.883278505290487,2
8.633699021354552,2
6.1257696335454535,2
6.910373748670768,2
5.620153434969731,2
3.4783984058186714,2
1.5451258561066037,4
24.894676465908304,2
22.285703463851924,2
23.41817492913591,2
21.326879235123307,2
21.171594621346635,2
18.250162275547144,2
16.71886982124087,2
16.378037243152807,2
16.929402785451735,2
15.639211555913564,2
13.860769289690685,2
12.382122981698934,2
13.493938376171277,2
10.063411256634849,2
10.131894792701447,2
8.114023685061266,2
8.633899262984206,2
5.795337425273776,2
5.403740067561271,2
4.807006826944335,2
2.215052713655538,5
6.381225031909118,2
3.902718106840327,2
3.8262681507767673,2
4.2453588940894935,2
0.9149010529824996,1
3.8235677696710217,2
2.9280088801933215,3
5.298288298376932,2
2.720881320071343,5
3.514329916623283,2
2.7924372490428317,3
7.794301477407056,2
6.011269765427506,2
6.474844661461447,2
3.3828007907901645,2
3.457145315863038,2
0.8995263039215219,1
2.2847376392537067,5
4.693377698514689,2
3.934869485759145,2
2.6927888648022003,3
7.662033977440963,2
7.125212743706719,2
8.028100094408046,2
5.1764530339100485,2
4.4392406360778045,2
2.4757522023663263,5
1.1882758044269324,4
6.010773886868702,2
6.666115596394925,2
4.8828848227859165,2
2.545392667905987,3
0.7249314208128541,1
1.3312329069947235,4
5.0019313630527344,2
4.118266034315776,2
3.3547739509006447,2
0.451102766642693,1
2.568950284289981,5
4.7602924230420935,2
1.8744585099927105,4
10.076861835753157,2
10.463007028913626,2
9.67893853993931,2
7.702421664410851,2
5.915246434330213,2
5.358624683264627,2
4.134858255624547,2
2.4948812475101687,3
1.5713099553285144,4
14.66598672724657,2
12.368372904999891,2
12.538785112157655,2
8.869785774656359,2
10.232911269368334,2
9.05648565914725,2
6.772676694465,2
5.959578342322791,2
5.863105010550625,2
3.837749511030653,2
3.971296641163998,2
2.469165184831429,5
12.097976407967614,2
10.43779100180254,2
9.39393780515254,2
8.520364757343541,2
7.348066753010565,2
5.552976734077524,2
5.747471041961143,2
3.741434532210896,2
6.089831502159893,2
3.8481207313074983,2
1.8212558206118958,4
16.143354759821086,2
13.336114119179294,2
13.530883027417406,2
9.530869003243074,2
11.103762571023688,2
10.814385627249463,2
8.380949331152086,2
9.129515078761251,2
8.630962745833243,2
7.1120804633885815,2
5.506922580923784,2
3.0972326591172967,2
2.199467815547869,3
35.382765063427904,2
35.333684524271725,2
32.764660989032194,2
33.35665641851574,2
32.16197433355451,2
30.001880748682627,2
30.046183000990272,2
28.27020959416551,2
28.75125356051549,2
26.451248686093532,2
25.65303786326257,2
24.868700370496487,2
22.97310947148857,2
23.426809021397467,2
22.628214331553306,2
21.43160137439688,2
20.501980463142182,2
18.421403496607358,2
15.979237355230108,2
15.167084494694233,2
17.351466560379514,2
14.818371153060186,2
14.49310430748523,2
11.655341127776403,2
11.799927240836807,2
8.940393094437496,2
9.550106492085774,2
8.80687725339908,2
8.383712169284934,2
6.0801446059019995,2
5.786590141227356,2
4.554783081377325,2
3.8171885090081763,2
3.285589832159424,2
3.5786752647583038,2
0.4811296860687109,1
0.9499091700772704,1
1.6532659942383174,4
36.387830334341594,2
33.87494438904613,2
32.51419921499905,2
32.397001984233434,2
30.84971751315443,2
31.922967717898,2
26.120053726323363,2
29.155166093309788,2
28.590149300940414,2
26.393615504400486,2
26.248798243962145,2
23.759160804725433,2
22.18770347056821,2
20.039409801064817,2
20.28606611771767,2
18.50081793478515,2
18.643540542619707,2
16.988590203892766,2
18.24355416286602,2
14.887230394731574,2
13.78069658486298,2
14.32598035528124,2
12.871194838618276,2
12.157072865157806,2
9.631554706552217,2
10.723079619652301,2
9.191133141352935,2
8.784346366192533,2
7.855127305128133,2
5.682011701568828,2
5.619097282569322,2
4.738900977713994,2
2.5685801683675833,5
13.780225727346703,2
10.847652161859637,2
11.690283067326064,2
11.653496430473135,2
9.06338684615724,2
7.951523159685951,2
7.80048649217603,2
6.074653728121968,2
4.192470040525719,2
4.414741868498376,2
1.7781232056982474,4
14.487690339413396,2
11.448021428015034,2
10.631109359545443,2
9.443213456216046,2
8.320635767167934,2
9.721257223721086,2
6.090018383822511,2
6.265726579449494,2
5.128933988654285,2
4.434029780375266,2
3.1272222071211098,2
1.7449989619655064,4
13.108997380568127,2
14.816518858065805,2
12.922070531843117,2
9.090902068214444,2
7.7558321700875625,2
9.576914584046367,2
9.598731510058496,2
5.194690350365064,2
6.1731896946913585,2
4.995304387324668,2
4.894367220199157,2
3.78298493831018,2
4.539107173653889,2
1.3262467445551922,4
17.03878720497547,2
15.72714910489651,2
14.273102078499045,2
11.699974881832182,2
10.597904780331714,2
11.317202705497145,2
9.785678290439566,2
7.66098166936005,2
7.9082068919965245,2
6.046783744952955,2
4.939576217026891,2
3.4928121258131988,2
4.479942540742908,2
1.1137747637212418,4
14.867463943469913,2
12.872508579307926,2
11.265456041632396,2
9.292429896105896,2
7.828364095303113,2
10.29258232661608,2
8.235628803766996,2
6.139617283546013,2
4.910125328330428,2
4.232326939049199,2
3.878783274112422,2
3.0605766743836145,2
3.2767529963417177,2
1.3504243916011494,4
14.959882004446449,2
13.499723623215882,2
12.959613044130599,2
12.979428456368225,2
11.072860447714676,2
9.614882473266231,2
7.0926488346979575,2
7.806525015481102,2
5.956561052020398,2
5.2173413973093705,2
4.291269266591342,2
4.038606657497892,2
3.789980957905503,2
0.7221886826527981,1
4.420323977499131,2
4.460388298306249,2
3.5159348582481647,2
1.6257280085437475,4
13.40979638645826,2
13.136987866268615,2
12.643111294575965,2
11.017618402019188,2
10.045997192909883,2
9.048912710548974,2
9.517427564675543,2
5.751176649483551,2
7.312174337603537,2
6.141931889909849,2
3.6941487154690407,2
3.653711858896328,2
3.2039235674540234,2
1.4622755277594959,4
14.685175345430993,2
12.060499695124426,2
11.786681527437112,2
10.962168480057715,2
8.71981757232394,2
10.190984324667669,2
7.255901382583872,2
5.8554552355936735,2
6.951673274060812,2
6.079333414087089,2
4.058177605492055,2
2.164056854249115,3
34.57249423627481,2
33.72398274159434,2
31.51043432128791,2
32.94798270353808,2
31.533263402094555,2
28.645777609501103,2
28.55929399747766,2
27.16566575529872,2
27.463942730916575,2
27.05522033103614,2
25.2361932357998,2
24.29714405511117,2
23.595594084948754,2
20.83258060332049,2
20.245206297375557,2
19.827427095491085,2
18.236920993537886,2
17.98872469406797,2
16.196142020622748,2
14.64931721469835,2
13.908873651414206,2
12.703859642345016,2
11.86308114662636,2
11.631190216227616,2
11.792145206887096,2
11.754370258847384,2
8.924837321575007,2
8.739964944172058,2
6.744231632451058,2
5.777200194338912,2
4.6607056029668685,2
3.541055044539625,2
5.89669437218506,2
2.7305341064065107,5
4.474195583419339,2
1.4946905916956588,4
1.9371039506262555,4
1.9966500951169757,4
3.137981606692419,2
0.5861702436829308,1
0.9528024446743972,1
3.3244748198425618,2
2.172740991584515,3
4.547918030366478,2
3.2248593858123744,2
3.258019570579185,2
1.4252512075118355,4
9.964212660239255,2
8.301966860794442,2
8.91089861116309,2
7.5858927044186375,2
3.8949600727903055,2
3.7128680469376065,2
4.481297596772227,2
2.2612986559894277,5
7.603428858993166,2
6.496135169800724,2
5.301770298168925,2
6.234457332959748,2
2.6859509792918788,3
6.5795731978813174,2
5.114826301646608,2
3.5932807395140665,2
1.4559798431726263,4
16.29962266683306,2
14.51071387776896,2
12.915825125603064,2
12.262203097389591,2
11.99932865690633,2
10.066955923757627,2
10.3063722138372,2
9.847225058504462,2
7.603899826408718,2
4.193044944339084,2
6.568833173179959,2
3.9188705219077096,2
4.4584594208318675,2
3.4223096194790723,2
2.2516728620248383,5
0.0,1
2.1782982297061357,3
2.182389071424276,5
2.041392728114592,3
2.256946667381724,5
2.407870664449629,3
2.6578111932856627,5
2.042849656841601,3
3.742498695838672,2
1.5234334503364515,4
21.354332113558108,2
21.839350349754763,2
19.16830174399903,2
16.411187031166836,2
17.217169344708527,2
15.284919567930086,2
16.863535668812677,2
14.805286665094096,2
12.624895560097794,2
10.533916500235268,2
11.447221951908993,2
9.42542626268876,2
8.985968856099285,2
7.646082836165473,2
6.329007753124727,2
6.676193747637916,2
5.717196920488745,2
4.971983262651318,2
3.383259565036945,2
1.113209891318608,4
18.51584624233549,2
18.73366797133812,2
18.025124521066786,2
16.189386695133873,2
16.579048943215245,2
15.154874099485962,2
14.782247686981778,2
14.291146415612266,2
10.642517288914576,2
10.429354701348457,2
10.766763861799694,2
9.82569960734233,2
8.147684767023472,2
7.633915449792121,2
6.885513031534092,2
5.355362682274434,2
4.280022619408049,2
1.997243468815724,4
17.248900989018125,2
18.77913533384861,2
15.74107437793941,2
17.07494828961871,2
12.692152574556838,2
13.93248539957952,2
12.68548395586284,2
12.206216697420098,2
11.252251489824884,2
10.801191839774734,2
7.588191225022587,2
8.296967045310565,2
7.516753459695583,2
7.07296542409693,2
3.5829413624764044,2
3.9524707182484407,2
3.4110820404115167,2
1.727570164432398,4
19.720479956401363,2
19.720005003018507,2
17.929870179111727,2
16.077918290428094,2
16.177741899040793,2
15.223288622683576,2
12.016745945153591,2
12.050707075600489,2
13.61113843771111,2
9.014958659424543,2
9.168677222622412,2
9.933606451740877,2
7.499556819253821,2
6.651016379449343,2
5.834633533519652,2
5.75593240270336,2
3.171412425039577,2
1.8469189890408055,4
18.891851525710713,2
14.287547052389975,2
18.390511233171186,2
16.558152641536072,2
15.090999555805167,2
14.31154156646534,2
14.028784222783349,2
11.804364804263663,2
10.83739309268126,2
9.998741163243237,2
10.953295009761135,2
9.500838062904704,2
7.677877848085947,2
4.816586160634512,2
5.3128015378560995,2
4.4907844437981135,2
1.985440950880356,4
19.614074234944148,2
19.642188313381734,2
15.565570146066241,2
15.759940271071091,2
14.997558096836269,2
10.844078091344592,2
13.704853974945838,2
14.074680996293994,2
9.935795034892116,2
9.672404253807915,2
9.074207499662752,2
8.117392614032145,2
7.2662459188979955,2
5.2373817486476275,2
5.422772010555827,2
4.380103027275133,2
3.2976240095406686,2
1.9982435326802583,4
20.16740304254352,2
18.535248162130262,2
19.259334091955594,2
18.187236758923603,2
16.253559398746507,2
15.214879822249337,2
14.465137602791211,2
12.4011563782361,2
15.021797128947997,2
11.169367117783523,2
10.305952723185412,2
10.92116015737577,2
5.681318258756344,2
7.832562838912241,2
5.901455585246178,2
5.0967867772640085,2
3.102446960570152,2
2.003897432751082,5
2.986983173346052,3
3.209758811272213,2
1.5538918751058215,4
21.786082959492184,2
17.741051904178523,2
17.411760651719813,2
19.31476762433904,2
15.361506572185636,2
14.737754328533402,2
12.966903135951725,2
11.869569809916776,2
11.779880069883705,2
11.492122359733514,2
10.701240099667912,2
9.174002125909405,2
8.91540344074813,2
7.433452320751523,2
6.137683218144655,2
4.425648464103242,2
4.032955029297897,2
4.460812543912459,2
1.6829539944246006,4
19.064464109735027,2
19.74941836831648,2
18.304470054670453,2
16.466716681009494,2
14.394864900489528,2
16.037358052462565,2
13.013096672034782,2
12.655846054428963,2
10.895552011051553,2
10.1295445119243,2
11.85024547766208,2
10.553243555564645,2
5.926184136819501,2
6.6923153716423265,2
6.741094210431071,2
5.821706318008356,2
4.9322911823113325,2
3.47444204154545,2
2.423280817596454,5
2.8778596145021482,3
2.539153236770001,5
2.835040288263813,3
5.097402794277837,2
1.4457446570393169,4
20.359589968796023,2
20.973747390363613,2
17.804059830169923,2
16.515054751698866,2
15.036010315363553,2
16.052043149072983,2
14.59574602864266,2
13.654993515020651,2
14.403816943424072,2
11.614255817756233,2
10.556838158139318,2
9.784834365713582,2
8.808146926328801,2
6.071302928911082,2
9.199385136147985,2
5.719660075173046,2
5.806034351722616,2
4.445359306153342,2
1.1848765527011509,4
18.600107845986393,2
17.160062164384055,2
16.769567129538267,2
17.026938594210726,2
13.842328939152225,2
15.139421746202565,2
12.067809158773219,2
11.705193805535288,2
10.601786527853196,2
10.624547523970133,2
9.480252568559317,2
4.8854814303089125,2
7.91135318509323,2
7.547653095372829,2
5.416750423313059,2
5.536126009055087,2
5.202638545676184,2
1.134227601831603,4
19.72869771730129,2
18.371147963895726,2
18.908970212114657,2
16.721238693578254,2
17.677511091752514,2
13.438494823152125,2
13.279426594244942,2
15.547144394492106,2
12.358264165948365,2
10.411416920540967,2
9.832780262407203,2
8.426170074579963,2
8.842519707181069,2
7.103057517423909,2
6.832206883780349,2
3.7326739102809845,2
5.691432376014802,2
3.0968378360089517,2
0.4845016309986561,1
3.08356650105225,2
0.7960272292244341,1
3.50518564941929,2
2.5211092564470508,5
3.460952188963759,2
1.3586354571885386,4
4.3819867115626385,2
2.231648448951848,3
20.825709855184368,2
18.65862520869611,2
17.060537330520297,2
15.853444041127164,2
