1.885486437727839,4
7.415472671222359,2
5.674476371028151,2
4.3271668950364015,2
3.3243609211705443,2
1.8825099362894397,4
5.209777048258118,2
5.911253638606159,2
6.542968179749208,2
4.445881518433512,2
2.8426920607536186,5
11.953093994033024,2
11.983697788718095,2
10.997406502064967,2
9.137001515531592,2
5.752773167124719,2
8.123998260489863,2
5.932952460805986,2
4.268853640725767,2
3.6509446690744793,2
2.497417036500865,3
6.000232569648645,2
5.938632164099317,2
3.988944696443961,2
3.661018954642411,2
2.6670894989593537,5
2.687554027314804,3
4.0702968222926135,2
1.248242702425676,4
19.60495686069214,2
17.867137441185665,2
19.102515820818702,2
15.522426402484195,2
17.597843708428346,2
13.903512092410256,2
15.78604885985264,2
13.400812735270971,2
9.659758459958304,2
9.205638971727312,2
10.311606428821136,2
7.740920552597644,2
7.727834195344437,2
7.513873562791315,2
5.505259163934069,2
6.156014590409162,2
2.645798280553608,5
1.5238206038711666,4
4.029322693980259,2
1.4718746553875302,4
2.9974020300625783,3
15.531891295745568,2
15.703183115782393,2
11.952615578332505,2
9.506657122614728,2
10.878002025953784,2
9.597544310559485,2
7.411739921333171,2
7.863649912417593,2
5.991070394155218,2
5.470679256570886,2
5.2403396559231386,2
2.9272902180989484,5
9.092200081310306,2
7.862442519390943,2
8.724438144710193,2
7.619960833670996,2
6.193166646259156,2
4.205956979584977,2
4.0573874941515005,2
2.479449684980871,3
20.433501138354266,2
17.93842159691069,2
17.241323078411,2
16.655644846540607,2
14.84449669913378,2
13.80132010870918,2
14.746312778533625,2
13.622935985973694,2
11.363791847902636,2
12.131076162245972,2
11.829739924538831,2
10.328341199807737,2
7.742566811559684,2
6.6948287726983615,2
4.882421686339353,2
6.40595755351336,2
5.327427370264076,2
5.482105086440394,2
3.135499794347224,2
2.527032858737646,5
14.016029744473958,2
14.342628740375895,2
12.960697087759444,2
10.446106010395336,2
12.218766264190965,2
9.606924447397033,2
8.00167026518067,2
8.147484942169829,2
6.604763059082381,2
6.1182072259880265,2
5.016402541082598,2
2.8334310439846893,3
0.5769017811823112,1
3.0971937705231696,2
0.0,1
2.464982282023536,5
2.428638701607784,3
1.3433865985508873,4
11.06442958836297,2
10.343242963699,2
6.7203001676887375,2
9.406813591342104,2
7.1195417239720165,2
5.129742279648712,2
3.4623015883488755,2
4.268000663486983,2
1.6665901876828937,4
8.784114217442415,2
8.45806094192595,2
6.64194862152337,2
5.802656472744721,2
5.214063978329309,2
5.256120728457954,2
4.899379248424637,2
2.5591213643632607,5
0.09514771246155407,1
4.054075802443527,2
2.043321557372216,3
2.7698561359783462,5
1.3665996245249636,4
14.131701485843909,2
14.08490375191625,2
12.867201136072818,2
12.000335450382755,2
9.298109708004576,2
9.320008497811447,2
8.338144876266409,2
7.5862526404877855,2
5.027233791854772,2
6.668636466617763,2
4.348306177446236,2
2.4588549770432238,3
36.18475053946989,2
33.79360597383724,2
32.03912079279696,2
30.53905751327413,2
32.510946881208895,2
29.750617249875173,2
28.956840684273683,2
28.732699768201126,2
26.433414441834998,2
25.91475830986393,2
26.202652435077763,2
23.38178835322763,2
22.618479966672353,2
21.614892199114614,2
21.440919725780553,2
19.94693317109372,2
20.587734282606466,2
19.45791816978862,2
17.744441268775763,2
16.44360369190576,2
14.73098003454099,2
14.916274329742087,2
13.801424480119016,2
11.585128367864089,2
11.855897042615744,2
9.694393681383103,2
8.25893638346491,2
8.477200849218212,2
7.409453547774493,2
4.652424900379908,2
5.273774608555918,2
5.552330129872528,2
1.6171666215202518,4
35.98101163035061,2
34.18758884945735,2
32.45705901004607,2
30.95755521174634,2
30.73487166500911,2
30.546746629881444,2
29.19558056467585,2
26.932273881419945,2
27.447833884185467,2
24.667109402810784,2
24.37798995834979,2
24.524177521258768,2
23.758687003431763,2
22.790544581160887,2
20.72711260385636,2
19.50959422168844,2
20.08307077446882,2
17.686913163139298,2
16.681105756267222,2
15.85013745460007,2
13.220192719254866,2
13.548695361871117,2
12.275356920281446,2
12.264917496880186,2
11.745540718151732,2
8.835648356015316,2
8.768490483950716,2
7.848815720952463,2
6.573457794202372,2
5.567709663544671,2
5.501002582270981,2
2.9766794682781565,5
23.46081204666963,2
22.060535427442538,2
20.59940901487229,2
17.351097895264132,2
19.03549354705228,2
17.786039367851714,2
18.351742641235088,2
17.452798782607537,2
15.095284865558169,2
16.221833417012206,2
15.781736492553115,2
14.182430843767559,2
12.350837457152474,2
10.55313555102816,2
9.425102241020834,2
6.956865108012793,2
8.540329980067465,2
7.121592529173364,2
6.685798546087677,2
4.236998702060313,2
4.494844260075418,2
1.8542040004751463,4
24.74616377481937,2
26.318165596042604,2
25.359441075128775,2
23.934385202028523,2
23.726879424967432,2
23.509111372006483,2
20.833275970764667,2
19.113056717062744,2
17.89340811245239,2
18.66369083177936,2
18.031513930634233,2
16.855415152834187,2
16.632926437331722,2
14.500570955577109,2
12.776134723061887,2
11.386315232617648,2
12.981003564399385,2
9.3074505763249,2
11.018011251235881,2
8.728096706914325,2
7.135276413915133,2
4.892455421365879,2
3.946277025543498,2
5.34340202423992,2
3.4557064263175103,2
1.5717995277661598,4
28.601277193989095,2
27.145586532364828,2
26.26141339289433,2
24.85396204375859,2
22.05860112309309,2
21.30360582584218,2
20.953883555118992,2
20.41824481300208,2
18.765054116842293,2
19.288933620812067,2
16.021093291842483,2
16.03231825393573,2
15.648466044127002,2
17.251662619724488,2
13.091375525678284,2
12.442963862100864,2
11.362275870591526,2
11.629934238819336,2
9.088190590033063,2
7.960796211028155,2
8.477676201426076,2
6.943840486767296,2
5.877131196735914,2
5.936735218877898,2
3.6322417284400177,2
2.6168889603495846,3
3.1263584685985637,2
3.8093677300409374,2
4.124118753033184,2
1.1690951048616505,4
9.549517863276533,2
9.927479419581676,2
7.827251496929018,2
6.842835833157894,2
8.84692195946867,2
6.4455628175781765,2
3.614928096790778,2
5.685448199436668,2
4.718653576621502,2
2.4149347550945364,5
11.854063038309743,2
12.799889668489834,2
10.638982363393362,2
11.561814290654802,2
9.84628838194586,2
8.829242286160827,2
7.8510323246373925,2
4.4850858085569545,2
5.053353248236725,2
6.063497029865839,2
4.391179574777312,2
1.8878746872613708,4
14.619199445481502,2
12.276876840470711,2
13.226446492268545,2
9.804020041575887,2
9.641145904092973,2
9.337613972532619,2
8.623720524397925,2
6.7977839775032844,2
6.7153137888633,2
5.2470355433814895,2
6.290395484355956,2
2.766314493247157,3
8.052122217223111,2
10.850358927990492,2
7.388292879229666,2
8.979527469582338,2
5.67615761309551,2
3.566147110903011,2
4.8981016252160945,2
3.0409969428221695,2
0.5771401034531849,1
1.7490307201058808,4
9.803291839971905,2
6.315405425455327,2
8.174816745348718,2
3.831787834264264,2
4.3972229707273325,2
4.258068741311831,2
1.927566049738272,4
9.761617168246161,2
7.578944300633454,2
8.074646333596261,2
6.7855434420787875,2
5.235034763550033,2
3.692137687140949,2
3.658687786435686,2
0.5421588381379323,1
2.12134539388733,5
12.844248477220845,2
13.298049327343644,2
13.299214271099205,2
10.114099900884883,2
9.511868558540526,2
8.01436451879732,2
5.3815316282989984,2
7.163917059224524,2
5.451585016086519,2
4.07464134870718,2
4.156386077136578,2
3.03390223143314,2
0.972642781644067,1
4.4270563472109,2
0.0,1
2.656475190174078,3
3.053811757145368,2
1.6260599553570094,4
22.98063941705121,2
20.578406337620613,2
20.927085019764,2
19.70752286564616,2
18.481918461938005,2
19.26203851458845,2
16.06877390247169,2
15.864940582613926,2
14.317187582657118,2
12.764267428845649,2
11.242353176260544,2
10.384225942596114,2
9.52518654084704,2
7.55839020403697,2
9.215369662479251,2
7.899633883526119,2
7.22355620812033,2
6.919680242842777,2
4.308167593468913,2
3.276137144356904,2
3.7047307352304215,2
0.768126178715747,1
3.791320502582254,2
0.39402223142014303,1
2.411013286304369,5
0.9666970472404316,1
4.004258134645735,2
3.2841335619927623,2
1.7423122842909415,4
3.349563194787688,2
0.7172730874817825,1
3.2005352188776293,2
1.3206196148648477,4
1.5224777495127384,4
2.792932699068516,3
18.62854583586494,2
20.38978957488002,2
18.50256633551217,2
18.665302397235838,2
18.206405665935076,2
15.893159048765098,2
17.795286649973022,2
13.668318197589347,2
13.962831040381973,2
11.437100827613465,2
10.55952572047778,2
10.854929587000768,2
10.110252135851118,2
7.005220160092349,2
10.474262143355569,2
8.764258811436592,2
6.156597528574397,2
4.468073544408275,2
3.3566966172567736,2
5.084120231131672,2
0.3882749680807616,1
2.698676831151403,5
4.107784242655893,2
2.5060815961699743,3
1.9822041621876216,4
10.63495066456466,2
9.240367915467964,2
8.495840290886388,2
9.015754722528188,2
5.985809721526432,2
5.704612822698035,2
4.447693460341339,2
4.061982400468934,2
3.620609423306005,2
0.3810887146169035,1
2.7119004076797664,5
4.1302253579910095,2
3.016659513552652,2
2.661475007730563,3
13.768693835968405,2
11.01958010216794,2
9.876413909698208,2
7.957451903730933,2
7.0779873684030346,2
5.877865872730872,2
3.4596160704863324,2
6.363892842473828,2
4.708865056003956,2
3.5107172377366345,2
1.6576427177981898,4
11.439152306572607,2
12.595153434728546,2
11.62042574911411,2
10.112323556584556,2
8.429855069458826,2
9.430366515169018,2
6.187932534663286,2
6.335804492244784,2
3.87772963325996,2
3.843439930356384,2
3.0535936047890084,2
2.7729011326317927,5
6.713208467117768,2
5.366689620007191,2
4.6327939783732095,2
1.9984466109195795,4
5.268040627024184,2
6.544057753901813,2
4.238365363782317,2
1.276556096850563,4
6.002855639012336,2
4.26110070320292,2
3.878599691218207,2
3.355791980359631,2
0.6136352888641212,1
2.709213854610373,3
2.4254441998380427,5
3.270665862900226,2
2.5926274346316687,3
8.184306213695205,2
5.5548236456837,2
4.48654352545116,2
5.0167303617665295,2
3.879720233058738,2
2.8560653149805297,5
5.0368754828503,2
4.301218043777719,2
3.4223375656534434,2
0.2733389793908534,1
4.031174083390969,2
1.5601332746249963,4
6.0022101297349515,2
4.081992532121287,2
6.917816666953362,2
4.287090736696477,2
2.0104242740557168,3
2.659987994533606,5
3.2026118121469898,2
1.7246220378704933,4
6.3763926754580895,2
6.656443604657071,2
4.249923540896374,2
1.729158140676967,4
4.7788694476651905,2
3.3617061072300016,2
4.790455260392147,2
3.1671678446682057,2
1.8835053599563807,4
8.511238862244166,2
6.9131786644005215,2
5.6783484630928625,2
4.4398135539778245,2
3.9762786210376593,2
3.555502997646884,2
1.7591056664115488,4
8.092029088078036,2
7.0603236582528615,2
3.7239627505445267,2
3.424469807830013,2
4.1425568748319685,2
1.0288845095106018,4
5.2205201108036325,2
7.947478130517035,2
5.157968130602483,2
3.3328782820504466,2
4.019166528627069,2
1.8711328201388413,4
5.535949529219437,2
5.47835429621404,2
3.1104425129640285,2
2.2654035523886917,3
7.301305776769325,2
5.77754285351275,2
5.893003392431222,2
2.987386681908777,5
2.398000946340336,3
3.693441485351869,2
3.7820787844551447,2
1.5385046428863065,4
7.432733303222671,2
7.34565774315897,2
5.570699835797863,2
2.968566254229588,5
2.9345055699268854,3
3.871561215940664,2
2.6178598285453822,5
3.1489250555935215,2
4.418665213807223,2
3.5288423188111584,2
1.6952511522611995,4
7.844670837817889,2
6.2455384362241535,2
5.541347253771177,2
2.9361050235139965,3
7.269544982760947,2
4.8361574181903455,2
2.5715487504606243,5
3.0143095390206183,2
3.2997537602878886,2
0.8821770737410517,1
2.7901124744539505,3
10.30279193285408,2
10.160812953097093,2
8.129388073177664,2
8.153851016081013,2
6.346606095422129,2
7.96521192225526,2
4.268577671855009,2
3.5043043137485133,2
3.9308614469682515,2
1.6433608657840812,4
9.084482941585636,2
8.621138105307224,2
6.926757796999395,2
6.4994081124107135,2
6.5014678082249375,2
4.736462583171893,2
2.8046620803312123,5
1.9615867928999111,4
6.349433356938907,2
4.2009084838295125,2
6.878729100636617,2
3.6028515519910287,2
3.009578221121165,2
2.6878458271720547,3
10.903496013658733,2
10.414498838400313,2
8.307464345093363,2
7.732607488307191,2
8.904564802753699,2
6.313306131852353,2
5.038695291671047,2
3.3800221705019404,2
3.5633386369391618,2
0.961279327198858,1
3.310715390244686,2
1.6042883116320965,4
18.35167771663955,2
18.62193889905427,2
16.717228891684886,2
15.757395147590852,2
17.062908278400812,2
16.91504731086766,2
12.462856310238127,2
12.267853126831447,2
11.522824271983742,2
11.301218805810196,2
9.293899787668963,2
8.652823889634544,2
7.899192297572112,2
8.526169599064882,2
6.2837592017469825,2
4.164003466518508,2
3.4307734830221914,2
4.710325164150143,2
0.7554037436876357,1
4.232244672649599,2
3.1302425422501563,2
1.6701306017088655,4
20.483034936912386,2
19.443634970288784,2
20.321739512106028,2
18.076925946693066,2
15.777948841180189,2
16.396311471348355,2
16.811339476961635,2
13.992634920689097,2
13.641730577938961,2
9.765143487477737,2
11.710154259362454,2
10.553838974633862,2
8.461747319037643,2
7.7087638167667105,2
6.483359808765467,2
5.6916428737436195,2
4.802206176462672,2
4.432810105589323,2
3.4707645027878535,2
3.4216039459954666,2
1.5686697672467664,4
21.047618249673476,2
20.01237463419417,2
18.82587400371971,2
18.82249139651246,2
16.521689358365983,2
17.846535757476552,2
16.673778762233848,2
14.416682454999465,2
11.083796719430163,2
11.150425467028883,2
11.062149403609235,2
11.158036679296536,2
7.951224339553889,2
9.004912732999195,2
6.146667349640799,2
5.178858620394768,2
5.441386444191869,2
3.8416258015143137,2
3.3043637334526386,2
3.906232875293601,2
1.4944839053356445,4
20.206905715137342,2
19.587996451218753,2
19.94292466235453,2
19.442313040500018,2
17.391491169800535,2
15.889177406903405,2
12.91834899452668,2
14.876054181566124,2
13.792956257167043,2
10.943589988476608,2
11.367669976935089,2
10.566770976087836,2
9.46424399099362,2
7.820776756955631,2
7.976993193027765,2
3.946612798775865,2
6.155716713788372,2
4.522795632675612,2
1.9171277022468047,4
19.18434880431922,2
17.632237580102167,2
18.258846934561056,2
14.426547756417769,2
14.378285377846305,2
15.598957902263026,2
13.343591779712307,2
12.002980273652938,2
11.522004250768779,2
9.05181821161936,2
9.497660495846826,2
9.004470689635273,2
7.2063011986084895,2
7.2518148549569705,2
5.8936961191229855,2
4.356996413772946,2
1.6979642395414132,4
19.720171083799613,2
18.683038906754735,2
15.211132658128022,2
13.455013430870524,2
15.722277335918715,2
13.738394445188465,2
11.9903495033067,2
12.202225737196743,2
11.907734649027677,2
10.953660922309759,2
8.840444980829139,2
8.694821733667228,2
6.806597938978183,2
5.469338439473506,2
4.18249328367988,2
4.4972957249066985,2
1.3081356444646992,4
19.624204416443373,2
18.461360093092104,2
16.844734523396813,2
14.86204640637657,2
14.626954267354186,2
13.926068361533964,2
13.523102699655,2
12.529576148234927,2
10.209478611610074,2
9.35282361966983,2
9.292226411801883,2
9.108673950195655,2
7.057279705355341,2
3.854635258727836,2
5.5799924637775655,2
4.160033834016081,2
4.721551613353082,2
2.404270088800939,5
3.8039852497763222,2
4.615254144189814,2
1.6377096379248983,4
16.36761459972008,2
17.451325976711203,2
15.343272189887164,2
13.296085053462123,2
12.516190672564685,2
13.450678178675993,2
11.075423153832695,2
11.118355069519502,2
9.129717092899837,2
7.871269314975599,2
5.698250094462909,2
6.896871643734107,2
6.584000236138478,2
4.5517837128281675,2
3.6918209802748807,2
1.4796229123887228,4
17.730704650569546,2
17.8379585458357,2
13.557573334860153,2
14.80879819348536,2
14.352771539747431,2
14.610079588484044,2
10.4922932818086,2
10.079276437719482,2
10.761733778083459,2
9.216740373513042,2
8.716163075807104,2
7.752350197294105,2
5.986908759308175,2
3.6451040356045454,2
1.706600579605596,4
16.78926058190804,2
14.553416260443635,2
14.936365340707502,2
14.85824718103344,2
11.236188931679614,2
11.74624712203076,2
10.113533841911588,2
7.442657017738275,2
8.569209188433456,2
7.906371542721818,2
5.798001544999483,2
5.619618338018803,2
5.00643851942493,2
2.7474650420592086,3
2.9284239778370638,5
2.7707382196930683,3
2.685464927700236,5
2.7578779077678743,3
4.406699659082244,2
3.901988753849094,2
1.1689111128488725,4
4.530071176883771,2
1.5791281049369321,4
1.0608280327185453,4
4.343408307251863,2
1.4134341156087238,4
3.234667526338692,2
2.773022911852544,5
6.599103893529531,2
1.8390469296285632,4
19.979888352811102,2
17.774457203489447,2
16.61846726252281,2
16.34363738483163,2
14.840167238004858,2
14.798393799114926,2
11.883647227519347,2
12.990936265588546,2
10.059186920411909,2
10.23202526262076,2
8.321844614558504,2
6.9272892375904345,2
8.178538363631269,2
6.706733075067683,2
4.173086991335662,2
3.5544354942691205,2
4.009922766361708,2
2.21348688419968,3
3.238436909948885,2
2.02266420353396,5
0.0,1
3.044667393547717,2
0.0,1
2.624177087026544,3
2.789574572567997,5
1.7540906364637188,4
15.961602488593115,2
17.695691206118077,2
14.45701647033691,2
15.062752008609927,2
14.365961358733195,2
13.990657246141687,2
10.806084061803013,2
10.547552081808801,2
10.882523376076374,2
7.281306895375018,2
7.177057201257181,2
6.003783284847668,2
5.799212048360271,2
6.1068523658692495,2
4.2384395046305725,2
3.4410776422092635,2
2.565138714637343,3
21.006747440849267,2
21.11413158509982,2
18.954348128279342,2
17.356529283179448,2
15.984097030129465,2
15.715041979195789,2
13.02461402325867,2
13.8311965712866,2
11.248812651145872,2
11.48760082750032,2
11.500814166289265,2
9.300080340433233,2
8.384999992790625,2
7.87690407099269,2
5.9281003360047615,2
6.2285927666922865,2
4.4794703539160885,2
3.210222941504761,2
2.21607283135579,5
4.269686247475115,2
3.6347810556552687,2
2.6278242421640967,3
3.633107542787177,2
2.757206284537473,5
0.7134263255288156,1
0.8925282032021908,1
1.7889232375649282,4
0.0,1
0.8147089098383034,1
3.1051594550356176,2
1.857711151137874,4
0.2265387252266289,1
0.15810079193756574,1
1.2549656273244552,4
0.9426286224595072,1
2.130075186716656,3
18.70096240837812,2
17.912040410184407,2
18.22806532692876,2
16.251808142654344,2
14.639464204079676,2
13.622908405983932,2
13.329297207955232,2
13.36006383709023,2
10.007907896093283,2
10.959463599677386,2
9.200135368637856,2
5.8182213351831855,2
7.2974108812270195,2
5.6986810203307785,2
5.154762728752122,2
3.3653584220698507,2
4.329846630468318,2
1.3094891600020802,4
19.658059039159397,2
18.2313620031158,2
16.833282077502652,2
15.922993635541609,2
16.091781115832323,2
12.933534784885971,2
13.242658976789693,2
11.985642317652113,2
11.315060666105714,2
9.487654398036323,2
10.012573029221112,2
8.115884048996527,2
6.518968543162369,2
7.506870840507572,2
4.911780766100227,2
2.5270558033453536,5
0.0,1
0.6252236258817696,1
3.4006911212491566,2
0.9628125141977826,1
4.542089637576627,2
2.1948769692895858,3
1.263124915295491,4
17.792865912499977,2
16.81502345182891,2
17.698632584077473,2
15.360253484702232,2
14.128131644487414,2
12.576121750623095,2
10.706105433974747,2
11.238326987733997,2
8.984179242412106,2
7.580587274855716,2
7.7079587594225005,2
7.960369052535793,2
4.659965894336212,2
4.5086543959630045,2
6.242284776786063,2
3.862904677790002,2
2.6327446201411293,5
19.286625428460532,2
20.141526784150155,2
17.866494860871967,2
16.343171825787024,2
15.835267680438607,2
14.285799603419932,2
15.505524779308415,2
12.802710285063947,2
11.348319099112825,2
10.104903991777297,2
11.133205546593466,2
8.992288737898601,2
7.5954070075054965,2
6.289452861067422,2
5.536611850078519,2
4.8778138006423815,2
5.613402056995011,2
3.632188216005621,2
3.9602220681428655,2
2.208866050056701,3
2.3518627060070205,5
3.4295426389805845,2
0.028883235719917244,1
2.2061940788594034,3
3.8156957465902095,2
3.5059434424037765,2
1.0408055011470712,4
13.299925344971426,2
12.552374942105546,2
11.111516862336753,2
10.57830193056534,2
9.96160517730496,2
8.4576222536623,2
5.730100766414558,2
7.335030804564009,2
5.814067823278114,2
3.5685190693908746,2
2.894777614076597,5
4.5898921603506055,2
3.4787852124587166,2
2.775372248268836,3
10.538903053565221,2
12.154706533102727,2
9.796855884771796,2
8.159899532905678,2
8.74889231567377,2
5.998247895129963,2
5.460838213050606,2
5.9594067724878075,2
4.975639022436313,2
1.6586998773562207,4
11.409179894170382,2
11.733599086687207,2
8.406658384833014,2
8.517766230830906,2
7.464945841753532,2
6.385994924565834,2
4.21068695245849,2
4.025476911836865,2
4.455541738756226,2
1.1233737775068675,4
11.85467698918406,2
11.452571844964408,2
8.958773139656909,2
8.809856272116654,2
6.8963820295345455,2
5.540129795145073,2
7.742522802831722,2
5.066727473122656,2
4.540951013839606,2
3.075474687234661,2
1.600797272370106,4
11.497323843282599,2
11.736989600496972,2
10.999645407079976,2
10.556167321563057,2
8.989358712939731,2
7.662566034445504,2
9.354579408670636,2
5.091134620257545,2
6.237952993327907,2
4.3111470798137335,2
1.2342898870384733,4
12.361164768901205,2
10.793142318458333,2
9.09746587607913,2
11.364367808343909,2
6.2590653226783495,2
7.150849723849215,2
7.564103806764411,2
4.9016901612849955,2
3.6758613454327542,2
1.3677013491863623,4
12.605381423821228,2
10.46921468568686,2
10.005882343546151,2
9.408331635216443,2
7.830843438224906,2
7.439213591613692,2
7.465912210836373,2
5.536379726330538,2
5.56760361335559,2
3.4457474436369133,2
0.9553920028589259,1
3.657023967374324,2
1.886013081030311,4
13.895309287587038,2
12.345789114888554,2
9.593947484055525,2
9.747422786089858,2
9.129604902384264,2
7.914128046928724,2
8.195451364706551,2
5.808807100851152,2
3.5265528371398336,2
3.0737759734659553,2
2.8029590344817072,5
0.32840602051168033,1
1.281192024109948,4
2.2879999610603066,3
21.388395827319354,2
17.39951223155153,2
19.896664144505287,2
18.86275901588998,2
15.9079044301794,2
15.01731170927998,2
14.715548318433054,2
12.395197468809267,2
10.13394404825724,2
11.673439621451747,2
11.120572951370816,2
8.50355392474464,2
6.5374669985170755,2
5.432082172259551,2
8.521245956780012,2
7.82003941136168,2
3.0624432068904115,2
3.327387333306438,2
2.197362926949457,5
2.976300645666675,3
1.8264910003458643,4
22.40351337184848,2
20.60805712054229,2
18.526322521146604,2
19.894571273140066,2
17.61502039451055,2
16.654556196368386,2
16.603567998225373,2
16.26167760252035,2
13.76429366682872,2
13.44227355211617,2
12.65878977416714,2
12.368417146371673,2
10.87200556825074,2
8.465778905357874,2
10.424016167690002,2
6.097886609518822,2
5.208124456223527,2
5.2517254761379775,2
5.01912288673746,2
5.92662467094658,2
2.407299309689546,5
0.9227734265526341,1
3.0046406584728595,2
1.20645115730853,4
2.3343815588656014,3
21.081112057951387,2
21.661672145170364,2
20.28607623843293,2
18.759629418202305,2
18.962557824448844,2
16.534249571178044,2
15.306129966180196,2
14.660790727528688,2
11.413833474978802,2
13.049941895129807,2
10.642096419343137,2
11.008307971385502,2
10.034275789912758,2
8.963123960762955,2
8.761622228783692,2
7.6298151789107695,2
6.090304892704573,2
4.834398739410744,2
3.4107361002202348,2
3.1534036693211065,2
0.17919367018061516,1
3.535408297539413,2
1.13108683377371,4
21.488996563383914,2
21.057285139682925,2
19.210644034550022,2
20.668244126047615,2
15.839022190500405,2
16.695698020390378,2
14.371356367176723,2
15.497256018495117,2
13.252449560416734,2
13.723184316140332,2
12.923795373199287,2
12.742501761141908,2
11.533420956147035,2
8.208311589483909,2
7.049250002664849,2
8.222304831933847,2
6.188017372078535,2
3.591226977572138,2
2.9510482418417983,5
3.601677071776316,2
1.0241697229178184,4
3.069271055178777,2
1.5947016751416572,4
2.8698067978124686,3
4.2539440512907545,2
2.9348383736571853,5
2.1932538226779417,3
2.768219685782812,5
2.2650514150354564,3
2.946543365340864,5
1.3811790137235591,4
0.5793673817422538,1
3.951504846945605,2
3.0054968379438822,2
0.0,1
1.1213162068762244,4
2.900181106929168,3
3.4215530767471365,2
3.655231507688392,2
0.0,1
0.41091339512458736,1
2.679822972334869,5
3.0516312713569578,2
0.38678350301197095,1
1.5768301887822338,4
1.48105063062535,4
1.914983705228117,4
2.0946188895234488,3
20.045667239086573,2
19.619167731685838,2
19.666858508729906,2
18.221142901676323,2
16.066744515130758,2
15.889987961722289,2
15.448344992525652,2
12.287312166138904,2
15.516736682733159,2
11.234990066291044,2
12.155576208412207,2
8.995678009628188,2
10.929112995217919,2
6.4749752529096885,2
7.677357058611612,2
6.057996956589041,2
3.8674004802960433,2
6.179071909664723,2
2.5774110883658423,5
2.6146091387503736,3
1.8229818209108588,4
19.740152443745703,2
19.475953880181134,2
19.541829222402797,2
18.6272958060672,2
16.670008476199193,2
16.600061159734302,2
14.424214531500427,2
14.53320780154661,2
12.568724837361698,2
13.175097372097087,2
10.461006812741804,2
11.401633573945976,2
8.232245207331303,2
7.738854833839579,2
8.115922517432486,2
5.814801055041878,2
6.035140078193231,2
3.362489401692227,2
2.9987824167180057,5
0.9093054827686616,1
0.4738454220830573,1
2.9573859928775845,3
12.355575413134227,2
11.419469832704149,2
10.04640023278964,2
9.192818450885946,2
7.960473757142137,2
6.852821311337313,2
6.206911102719954,2
5.773725484425786,2
4.0229277465182856,2
4.02646182350609,2
2.785974712471249,5
1.4770185615422282,4
3.5108302447727238,2
2.4135792852765805,3
1.6769312689610896,4
3.873105551346297,2
0.6614752386831648,1
1.6253614498607127,4
1.2859487011828377,4
2.430469523295294,5
3.5752161822056285,2
3.3431491421797084,2
0.6091518911417522,1
3.2981162177349246,2
0.0,1
2.1347503828610277,3
2.5463775589812214,5
3.2087527886788427,2
0.4717556642878861,1
3.386455700716722,2
2.619813733234383,3
1.3867757873046205,4
5.804525387754612,2
4.356783799184576,2
3.916959185333845,2
1.8835839687668703,4
3.722706946302256,2
2.804751771278266,5
8.164710143715116,2
6.429377519602367,2
5.867326231332693,2
6.036166284909588,2
3.8636218146577836,2
2.503240714215845,3
9.198019525267592,2
5.711456224955432,2
7.556375325890896,2
3.7058227111779294,2
3.3296385239422808,2
4.96842961192918,2
0.14351279222334845,1
2.075210246937685,5
5.193978905583699,2
4.0503241983059315,2
2.726012044429643,3
7.1546160939233525,2
6.337982237101919,2
4.8737408421310295,2
3.858818965097841,2
1.9853176342344367,4
9.472270684454577,2
7.443427155386247,2
7.129530770571913,2
7.122699800987056,2
7.4470119240350545,2
5.559955896193951,2
4.7593992475672335,2
1.674418664961018,4
11.298250613055547,2
9.047435876890935,2
8.313426063735143,2
7.8044715464142005,2
5.385336112766531,2
5.220265110244227,2
5.059887343947529,2
4.597671994725654,2
2.6248363514420463,5
2.9519371794838416,3
2.131250863819144,5
1.1440137747886636,4
5.636305702753062,2
3.0939129481783616,2
3.9619646534309982,2
0.43092455925693096,1
1.7444436155337557,4
4.981927204901295,2
2.496945974891661,3
0.8738060907712615,1
1.9070117098162218,4
2.1001830106292187,5
14.90962818759565,2
13.624644475605091,2
11.435315558619905,2
9.745445085788724,2
10.30957684658368,2
9.838863774552161,2
7.418806672269014,2
8.485692724242313,2
6.323087770504982,2
5.1865455245804135,2
3.1340207412316317,2
2.5000030089185956,3
14.091293876797303,2
12.621082756857994,2
12.726309026328824,2
11.625678855647314,2
10.524170859614557,2
10.85505348761513,2
7.451023742004965,2
6.131555477027034,2
7.024666787451084,2
7.051847111312716,2
2.7565689531658655,5
0.4923152852886474,1
2.9436065010266983,3
2.0135691286744297,5
3.6120477030621405,2
3.8591666973108825,2
0.8926183793546061,1
3.9153529688260487,2
2.776042114927832,3
12.435235078245285,2
13.315532828067179,2
10.247934914067661,2
9.74588715204468,2
7.166036881992294,2
8.49382044108255,2
7.811340200066504,2
4.536554402281579,2
5.460981035546991,2
4.056066164157784,2
4.4093816240748165,2
0.7598816113111291,1
1.1422381615684225,4
11.369564981010654,2
12.184393287228318,2
9.762664759036557,2
9.129002829221275,2
8.923186981868959,2
6.631788461396938,2
7.801908362271493,2
4.947842218816783,2
5.043728750924396,2
0.186719178036558,1
3.685922369749502,2
2.8489619511211206,5
2.9888281631794165,3
0.009374994046763785,1
4.094921826498164,2
3.5991915362005003,2
3.0131739038459573,2
1.568507120220378,4
14.336846977819743,2
13.155410210596607,2
11.958263099150127,2
10.489645979774297,2
9.100237009751224,2
8.884321009226552,2
9.330219612349657,2
6.368370072538491,2
6.252829080466722,2
4.693783991477872,2
3.8876699155827863,2
4.325518993613246,2
1.9179010700624828,4
14.061598420601927,2
12.763207676875211,2
10.07888116026276,2
9.382365079493637,2
9.98922324699543,2
8.539352870303969,2
7.8268675446022415,2
8.434810994067396,2
5.353869987481,2
3.4725322046362,2
1.9778814697089688,4
11.781745644035011,2
10.452160124030991,2
10.642453177244995,2
9.919154694594248,2
7.632281400946763,2
6.87383807116602,2
4.750694102163487,2
3.9801841874311177,2
3.6345516163306453,2
3.5133459709037633,2
3.360833941436832,2
0.9925249696857479,1
2.5875683425502265,5
3.2381878005031113,2
0.18992370472568165,1
1.579082144172184,4
6.825897377430196,2
4.264335848440863,2
1.8225440432883333,4
3.336037039619136,2
2.753944957247333,3
5.1768491075151255,2
5.319792629535471,2
3.5847448089606404,2
1.9247532353498096,4
10.5481699248231,2
9.261756699246467,2
7.2358382895234,2
7.215287739883591,2
4.142401205662673,2
3.810348764131287,2
3.4104583818049106,2
2.418897736556746,5
3.6023855916149388,2
0.2289372244509447,1
3.18332092132416,2
1.92049688426688,4
4.294041314806498,2
3.593961332961205,2
2.82745434530756,3
6.4909790677920185,2
4.024870595855522,2
2.2559782860027298,5
3.4848843557344416,2
0.9895220039179302,1
2.538096877047191,3
4.62340557731453,2
2.921626584886358,5
1.126078967093043,4
4.739002332240455,2
4.932386466730443,2
4.041087273208984,2
2.481152148221717,3
4.493391225525401,2
4.755784001752675,2
3.0960118076928698,2
1.940897959364061,4
8.862043339538875,2
5.19993458476583,2
6.556586850563816,2
4.773943156848388,2
3.6046285235805375,2
3.114966412025696,2
3.2112814972081605,2
0.0,1
1.1770820595346991,4
7.9174722768243235,2
8.224720346514463,2
7.7286125151144685,2
4.915166146064644,2
4.781333770603873,2
4.147348192063391,2
3.8050846501493325,2
1.567536269418564,4
7.2834083940538115,2
6.0013793406952525,2
6.771190869294005,2
8.309682710436046,2
3.3884126956089102,2
3.15879868004552,2
3.189833642305316,2
2.479383190367796,5
0.19703343372039328,1
1.2861485177965246,4
0.6039446095493555,1
4.055308696365523,2
0.0,1
1.2556192082807698,4
1.0562036916794422,4
2.4508854282223007,3
10.162760145472175,2
7.915552461215521,2
7.93152800920737,2
5.33040606525282,2
4.5745384130759295,2
3.5447167878137,2
2.4315129832107982,5
2.407765392051957,3
2.3260469349600648,5
3.039386911309829,2
1.364253720044229,4
4.292903861642855,2
5.238895341121591,2
0.0,1
4.201415629064676,2
2.9432729274265257,3
8.300853088567084,2
6.805870782186947,2
8.84902901660925,2
6.705903030010566,2
3.682230468859356,2
4.5642497837825475,2
2.7586260670217597,5
0.0,1
0.0019777150971199697,1
0.0,1
2.216754608507004,3
2.271561384458482,5
3.592505498446447,2
0.194722094967966,1
1.8902687991247624,4
1.999388609908323,4
3.251615524086908,2
0.0,1
0.15458390359691931,1
1.230347540117368,4
0.9423576187692024,1
2.9361041770794447,3
11.196099619691134,2
6.758462392034216,2
6.757160299332368,2
4.043338165522494,2
5.5562071326213385,2
4.000234002392,2
3.4337669325745566,2
1.530069046902997,4
10.052797292210787,2
8.645404130190757,2
9.28331275358512,2
6.546919219680125,2
6.1330952300192365,2
5.9048019650890655,2
3.5724572141701834,2
2.1875577050264696,5
0.5593884494293904,1
1.0460956432796935,4
0.0,1
1.1676299968590895,4
1.5224622939209893,4
0.5244777943675354,1
0.0,1
1.1066079119963173,4
2.0417640619544883,3
3.5393782618930287,2
2.9621584152180858,5
2.732538684266005,3
2.319888424537322,5
1.6878843492315818,4
1.4310453542534076,4
2.3626226834781887,3
0.8405469989879661,1
3.729604165562612,2
3.091783235224275,2
1.6957232901377257,4
9.805516472824321,2
9.937364704650166,2
8.824402602260411,2
7.724593742732705,2
7.0465216921955856,2
4.803774279729191,2
3.5659100127605132,2
6.116111801955261,2
1.6367391660118291,4
9.218733062718552,2
7.9452076000868574,2
6.198647090863743,2
7.370406895198535,2
5.358994514320784,2
4.833004120161632,2
3.0184131450404625,2
3.6068243182411988,2
3.7872047352870117,2
0.845126763136761,1
1.4781480728608003,4
8.00045313712816,2
6.724122128220325,2
7.404470418459937,2
9.20508363941987,2
6.12632749989357,2
4.063443991703436,2
4.728989633861317,2
3.4112357991818163,2
1.161098166052168,4
11.208326552702294,2
8.813394669535336,2
7.896001210691162,2
5.904224085396978,2
7.546780052789549,2
6.276678390045168,2
4.891260215377053,2
2.872255293713067,5
1.4121927838427244,4
1.2740680335544905,4
1.2058344860264203,4
1.6702203704125291,4
1.2190498979064277,4
0.0,1
0.7638557630999938,1
0.4800054088864033,1
1.8032095686531784,4
2.8185907200414206,3
3.5638906590570514,2
2.37482292250227,5
2.9746253236473432,3
2.6663908973129806,5
2.6395144705073834,3
3.2946396640649103,2
0.0,1
0.8802287529175887,1
2.961400392425774,5
1.2458616298316394,4
1.4724866995966166,4
0.0,1
0.0,1
1.5271729021238718,4
0.9083193161946954,1
1.0184676641680768,4
1.9103879557603007,4
0.5968114014669968,1
0.7839749898698789,1
0.14899504724058366,1
0.0,1
1.0813290353914151,4
1.24780808560916,4
1.1868070345207,4
0.8733996767066324,1
2.8327493711143443,3
2.68670482047095,5
1.3757822021390227,4
0.6355876183168356,1
0.646129587783761,1
0.0,1
0.5720747431034152,1
1.4733749886032041,4
2.094097388603981,3
3.50631328620489,2
1.3666692005414998,4
11.471328244814222,2
7.587292860135587,2
8.290976651749283,2
5.189500602423215,2
5.788253772024755,2
5.322822842319598,2
3.5607083781107436,2
3.962104877495259,2
4.242809553101633,2
0.8558924205072251,1
1.7285924837887856,4
11.402536799928784,2
10.018357045230866,2
8.161948042463045,2
8.169107223315685,2
4.8695912289493535,2
4.780110732108907,2
1.8139187204310967,4
10.399795952202592,2
7.925644010262077,2
5.199651195518926,2
3.8915948911029385,2
4.053405516861254,2
3.6249430751198894,2
1.3413803269591913,4
10.031399012364664,2
10.094860797204232,2
7.761712540258736,2
6.5346967776326,2
5.665099380706112,2
3.8122686476529424,2
4.77271770813274,2
3.1504260135429187,2
0.4504311060684125,1
2.8561757560383763,5
0.0,1
1.1159504131225315,4
0.3058774140206093,1
1.0645087940598172,4
0.8963390701193534,1
0.6638176227466774,1
2.111608002983548,3
3.6270255318182563,2
3.8261526624700943,2
0.22158394431714207,1
2.491549325178581,5
0.0,1
0.8937266253361436,1
2.1755607732515503,3
0.6186407982540141,1
0.7521511323121182,1
2.7777508851366224,5
3.6288740881862775,2
2.479462722749844,3
1.2997239115123602,4
13.466287050459526,2
14.792060658439762,2
12.94917360820767,2
12.385570796242185,2
8.87640839907589,2
10.071643656197336,2
8.743275058827843,2
5.7342711137890525,2
4.1536075233775405,2
4.239660020120885,2
4.354394886550029,2
2.1110651257135298,5
5.323134462439528,2
4.412555297233581,2
3.6802285921143834,2
1.1263796580998562,4
4.414191033147595,2
4.6946100793333185,2
1.5694053233869605,4
2.293838389018105,3
21.144690520466906,2
19.86346571500001,2
18.02328480933935,2
17.798721508542798,2
15.306657609231165,2
14.495695244970706,2
13.276285719618686,2
14.986330333416197,2
13.609923646512547,2
10.074138793816896,2
11.253599944936337,2
9.674047596381358,2
8.554189707226447,2
8.001048843561987,2
7.464183392925558,2
5.35188096068482,2
3.5167480357277365,2
1.6394217775248017,4
19.212107986301845,2
19.172383723985146,2
17.606912594990575,2
15.425560170362164,2
15.798053507563862,2
16.150752658680947,2
15.129427044668065,2
12.923244861990742,2
11.305396197116096,2
11.773641061506968,2
10.655155335724972,2
7.958333090212087,2
7.593084785920732,2
6.440093666720593,2
6.282088915622787,2
6.215204958499731,2
3.8971110676852185,2
2.707735048692217,5
2.0970380814904104,3
4.396551127231688,2
1.2081525609482644,4
19.008964458180767,2
20.97315752083289,2
18.44521128553918,2
17.411557486056846,2
17.51227903201375,2
14.42892560824958,2
14.299279528819616,2
14.529630543179257,2
13.491018827216614,2
14.350630927367249,2
10.44689447401425,2
9.814123624316128,2
7.842413902803763,2
6.372667910774178,2
7.668092686187697,2
6.128748836193469,2
4.6558551340408645,2
5.272529273437047,2
5.181919815810703,2
4.97651303717276,2
0.01107974018957325,1
1.0056213249743116,4
20.732007327439305,2
19.62048687523632,2
18.290237942358086,2
19.031471499107887,2
16.40957567092145,2
17.12127569685157,2
14.920090628950614,2
15.127897738715534,2
11.555809485900385,2
11.5126034388611,2
11.65592237876857,2
11.287361034358486,2
9.752491000414308,2
8.920231461919151,2
4.955606011709335,2
5.915435902872908,2
5.16604462507863,2
3.962747032852953,2
2.795200285738405,5
1.862183781781972,4
1.7688216661151492,4
2.3562676444134305,3
4.003240573958906,2
1.1335452686103369,4
19.112084235341364,2
20.51409759216777,2
18.655912863281213,2
17.957662417876264,2
17.438886470476078,2
16.345993202040606,2
14.968927863018479,2
12.586838094047424,2
12.775856672783524,2
13.209100722163448,2
11.74270313775419,2
8.047859601583937,2
10.35688731347216,2
8.667715932890273,2
6.428344382734704,2
4.4347807071080805,2
3.6505405046988777,2
5.566983807149186,2
2.967275435775996,5
4.106909833683614,2
4.370686651083247,2
1.5355039340450864,4
5.235194319052283,2
4.49255523817072,2
3.1701680534956096,2
3.0196118233730345,2
0.09378818242329168,1
3.463893408828705,2
0.10331591725342426,1
3.6919781299241863,2
0.3631007662568255,1
2.952821915470592,3
13.323571604323304,2
14.51286338580701,2
11.212901783300472,2
10.15015964521556,2
9.708095317986627,2
8.883110071039539,2
5.878884563380422,2
5.363857196101094,2
4.675864220803458,2
3.077176423233405,2
3.4307224745074145,2
3.727656044168408,2
0.3153613730259989,1
1.498988250486404,4
11.95198199530624,2
12.160585731134255,2
11.173061751048198,2
10.517983618273892,2
8.503815718620828,2
9.710758395739033,2
5.885989572349149,2
7.425105299077023,2
4.6176116168829004,2
5.1998739321731176,2
3.279565333029291,2
1.6533307847346512,4
13.060478785632,2
11.142630248112592,2
9.514311693462133,2
9.702740460533212,2
8.467550561481481,2
8.323034031016862,2
6.267150484458081,2
5.442761533507266,2
5.426925979069374,2
5.220591122829843,2
4.636700115193069,2
2.069183524121407,5
1.921307687554868,4
3.502450604592904,2
1.7302314788702124,4
3.2730000689961773,2
3.1711531007832336,2
0.4083315545983429,1
1.4704372671237098,4
4.246290309756802,2
2.004619549746614,3
14.283585472920507,2
13.533663848080408,2
12.084468926413765,2
10.733162158073869,2
8.856227837649653,2
6.869143482272642,2
8.224293172212661,2
6.426430722035361,2
5.784964148476057,2
5.767893978150816,2
4.288847081045819,2
1.224798813895456,4
18.24133350710984,2
18.32419510050689,2
17.968629727963744,2
19.06639401894589,2
15.046439476076547,2
15.239791265768476,2
14.143705508564475,2
12.128210798779651,2
12.923538026813214,2
11.617433817094991,2
9.813109852182476,2
9.646567930104537,2
8.546249181583999,2
7.2031034189816285,2
6.533313294392418,2
4.4942504911625685,2
4.344048008322432,2
2.8009538125669544,5
4.451515324657288,2
1.7649386742446296,4
4.213081888375605,2
4.945384424096336,2
1.5159141041105686,4
2.1951139009358345,3
1.7001132279347688,4
8.896739041319323,2
5.776932241400534,2
4.528789642659004,2
4.219393140492984,2
4.392826020278504,2
3.470546747456808,2
0.7850161206993564,1
0.7338551104478603,1
2.388167937580376,5
6.915174507526583,2
6.502742290599926,2
0.19677100338410725,1
5.864393972566197,2
1.5031917311538745,4
1.2633570506942302,4
3.0107199649352667,2
1.8700013247736893,4
2.784200979035625,3
11.031087051480679,2
10.599712608217168,2
10.895052367766606,2
8.588965604948246,2
7.008589287224617,2
6.513476784936464,2
7.003571199133832,2
3.9055556934128175,2
5.226412712556059,2
2.695033506658786,5
0.9081534352002696,1
1.0932213065190195,4
1.9444602048553528,4
3.4642877616457195,2
0.8584130070410206,1
4.08050286595837,2
2.479991621834511,3
2.49353350912027,5
1.1383807524337062,4
4.278353111601416,2
0.4602641036743842,1
3.3241559674331813,2
1.1271097335384153,4
3.2228026923993536,2
1.4319011075319945,4
5.038508512535469,2
1.2502023485027545,4
3.1774645406093622,2
0.0,1
2.4346338793705877,3
22.050990476898278,2
20.88377537678868,2
20.174183304546663,2
19.546007499253324,2
17.60637582308157,2
15.903649284626269,2
15.60171566468492,2
14.212196665019656,2
13.112219762420926,2
12.477018984131075,2
13.142990880720324,2
12.181615002541196,2
8.881037693943176,2
8.546828584639023,2
8.749911031559162,2
5.299982722616873,2
7.292273021286243,2
4.794299863923452,2
2.1892669592391383,5
5.722571744757374,2
7.298272666906775,2
5.124150382730448,2
5.869508237457809,2
5.7316065656374535,2
3.466898496827468,2
2.383348639840536,3
2.6034720978738086,5
2.816409976557018,3
4.502690087057866,2
3.270867125929108,2
2.2118779294345923,5
2.340926028316802,3
3.9178675710173647,2
2.3869399143642287,5
1.5750887149348554,4
3.8583756405967087,2
3.1098937868443466,2
1.4023199327238676,4
4.5708078639693115,2
2.8462828782925587,3
1.4990886085546768,4
6.803283888568767,2
7.455995232146867,2
5.595619935644766,2
3.8216381050588786,2
1.547342277256016,4
4.4328059061538,2
3.846401614785424,2
3.5248630054546624,2
1.7570971845575651,4
5.513631285378116,2
4.7527707341140655,2
2.6918743058709085,5
13.503025727511492,2
11.264436908511119,2
9.362471688542655,2
11.377765069436695,2
7.926047152782465,2
9.34268507958164,2
7.871245652651648,2
6.530184890918303,2
4.762867887677282,2
2.481943684391422,3
3.3121499435691364,2
1.837625752389988,4
5.433899717657209,2
3.749676622766772,2
4.408361117869037,2
2.835802063862064,5
4.866658480788066,2
4.086577761430762,2
2.798287688308329,3
2.835575474833739,5
4.711550501707068,2
3.278217892039576,2
2.2787506133936453,3
1.6157293845498233,4
21.690333563587856,2
22.605205820891282,2
20.799332596862012,2
19.378561081201056,2
15.777589623036445,2
17.070370865659743,2
15.750710124359387,2
16.973386693353127,2
12.806537752790652,2
12.344829110275905,2
10.08982089699474,2
11.557543799550869,2
10.956457373372846,2
9.990780099445015,2
7.126784611936243,2
7.548703263658672,2
6.509124381886119,2
4.0143716512705385,2
3.4318951174608463,2
3.5451837648562687,2
1.879869097457816,4
22.535383771915054,2
21.380455455640273,2
20.445421453470246,2
19.147806174691578,2
18.765070277475324,2
17.570689160389332,2
16.999981318932022,2
15.08569946957396,2
14.074592365149494,2
12.15283144749929,2
12.367316310857834,2
8.189436372099047,2
10.310412004049065,2
7.78078227424104,2
9.77625051600734,2
8.59162424275838,2
7.315659782429239,2
6.774991216644218,2
3.93959811119828,2
3.3905956826799333,2
2.8915833571658283,5
1.295310694495654,4
18.805854479177047,2
17.186360537061837,2
14.858341732517285,2
13.984236659833904,2
13.96228913403559,2
12.276099861147106,2
11.130405995119046,2
11.361165239918098,2
9.644019775484928,2
9.313312218939917,2
7.656205846816137,2
7.139092774215088,2
6.3755491503191335,2
4.080501683196236,2
4.7484623568314435,2
2.0566534144427715,3
5.0440125992579885,2
3.4386974053465464,2
1.1969455519661092,4
3.6764983671559577,2
3.115894882200215,2
2.125979342029553,5
18.17346337854239,2
16.162761104700362,2
14.471353399604466,2
13.26669254930703,2
11.782471551289632,2
11.81034274609258,2
11.525418195805534,2
9.587899378460506,2
8.72973999318143,2
8.277828155292946,2
5.822884795628791,2
6.3659525066350815,2
3.9924884855431366,2
5.829559630510852,2
2.994155350267194,3
2.0099635798152544,5
1.9011066214044303,4
15.10979097977116,2
15.811393299914524,2
15.680509331365595,2
13.235641445532513,2
13.211475395104566,2
11.50978884082917,2
10.852510343474671,2
12.263465162033024,2
9.952809354795784,2
6.903162765872146,2
4.711213739115675,2
6.5500953066817456,2
5.123265487877494,2
4.425483898385965,2
4.3171977459995805,2
1.4361615616815293,4
18.49464570033814,2
17.40459949734329,2
16.068491651282507,2
14.875264007546376,2
14.433556781893806,2
12.595621466682116,2
13.19795533231183,2
11.951213625825785,2
11.904536374106671,2
9.336967331942713,2
7.657968950839453,2
6.2767791925286565,2
6.17505320113727,2
3.3079737725801737,2
3.315378818896892,2
3.3694236879777497,2
2.0538829798049485,3
2.6146222248670457,5
0.0,1
4.1011469837172765,2
1.8092920823834169,4
17.57690190921356,2
18.35168391233023,2
15.861010555801792,2
15.985532115698804,2
12.740178447238145,2
12.582273421980592,2
11.811374077431937,2
11.193477634163262,2
8.845932201084366,2
11.409577620280244,2
7.738866199313607,2
6.27116810474018,2
4.5224401775906165,2
6.6010107001902725,2
5.2266247041569045,2
2.5568312160834856,3
4.678075179067592,2
2.6246610050600134,5
2.4055134804708045,3
4.397619984966232,2
2.3797390574237367,5
23.91914905368884,2
21.715761519336446,2
21.332894206402703,2
18.87469384181354,2
18.715225242369584,2
18.333903839887128,2
17.334794659186663,2
16.771481534893557,2
14.905003257079061,2
13.548761834126621,2
14.852692667826565,2
11.218560696263431,2
13.070754737331404,2
8.767706233760409,2
8.609712245786282,2
8.405196022964768,2
7.1048506313398585,2
4.365935222582685,2
3.462640685233814,2
3.881431662008852,2
2.577166472225425,3
22.066755894657305,2
19.913924215299147,2
19.39862497611924,2
15.307193588790204,2
17.702185725589107,2
17.331512062774394,2
15.566859890159039,2
13.019364453535786,2
12.686646315532098,2
13.358703049579065,2
10.368357736144397,2
10.61541304064304,2
8.445580170614482,2
9.703135123640749,2
6.551872269778,2
6.599101600809022,2
4.8907230008957265,2
4.413168165137528,2
1.828835845869377,4
18.028272974396092,2
15.58198447605582,2
17.534898601832882,2
15.215796807257894,2
14.604686791836127,2
14.385508363595454,2
13.71519627076466,2
12.773579871559356,2
10.661874926332423,2
10.184867046207293,2
9.100436010584206,2
8.337148185440238,2
7.472147250998447,2
4.4490012302945185,2
3.3130725974781017,2
5.1432206518782095,2
3.889782588049171,2
1.282933988321093,4
22.753556724348503,2
17.887063565451722,2
19.435441170471805,2
17.305712432982006,2
14.70065533592359,2
15.040173711534926,2
14.880460895876524,2
14.02086163324744,2
13.194073981625099,2
10.696140727209649,2
10.152486310936363,2
10.491478227043405,2
8.511373549706652,2
7.096251748144968,2
6.794971557446427,2
3.672195388447829,2
3.266149005507428,2
2.1017575869414866,5
6.652815930464464,2
4.954967058398578,2
4.466915983888347,2
2.985707539036065,3
4.012073075042317,2
5.542295734168418,2
3.4771938720034767,2
0.2840602710645137,1
1.643393909380379,4
7.709809902966971,2
8.44168698303283,2
7.137068691139393,2
5.605626241359987,2
5.616566767761219,2
3.747737833100959,2
0.4878865848636211,1
3.492828068273184,2
1.2660617692375178,4
8.945074311074185,2
8.027282758117549,2
7.666013407575154,2
5.562713467056466,2
4.966157696134107,2
3.6657449372497486,2
2.8809639944470633,5
3.0698668171809333,2
2.0396647162498143,3
14.74657531747968,2
12.257275065074921,2
10.086591277835103,2
10.446312263689109,2
7.940273935371008,2
5.950737155830665,2
6.690448661219943,2
6.186361771842297,2
7.12888970966387,2
3.3156316172602303,2
2.7587090248100354,5
1.2756034101152482,4
3.109471262888893,2
2.8377845005193567,3
6.496883361718051,2
4.451186074188266,2
6.174352013158039,2
4.6709103966276775,2
3.3212218590298064,2
1.5880193461302936,4
21.118550711176947,2
17.45313657239332,2
17.47101520689713,2
17.708460514988953,2
16.255476245927678,2
14.489950727385185,2
13.374905977693881,2
13.49343780367116,2
12.24775106107844,2
9.591173320411533,2
8.101936957477541,2
7.207738923707793,2
9.88319486382567,2
7.639901287399413,2
6.215387147596195,2
4.3834479928509245,2
3.958936210923997,2
0.3776197524844358,1
5.5690841036185255,2
2.6248388022051428,5
3.3192495056369458,2
1.8208902056832628,4
2.78250917805139,3
9.757806477629543,2
8.763875427808188,2
7.037957834574327,2
3.6467562282216175,2
3.993230555140891,2
4.6851273574220915,2
5.127274612742368,2
2.7800156855985048,5
3.534111557747845,2
1.5674904810021415,4
2.3230251786127454,3
8.996898227155404,2
8.800627110150458,2
7.233424838855663,2
7.2198118590204325,2
6.053032362566603,2
4.6049616003111,2
5.110414882222888,2
2.848523975169132,5
4.360258062577731,2
3.6243089365830428,2
2.7595872229145164,3
1.7477015257723858,4
8.560018687669494,2
5.592093218743858,2
7.741382419318231,2
6.356454460845013,2
6.087728392198295,2
4.4007939807328205,2
3.1934954105670488,2
3.207264135027564,2
2.0927530636751506,5
4.830228223374158,2
3.9861390914316033,2
0.9125339533295608,1
3.0175662045164064,2
3.507418386755047,2
0.0,1
0.956505799238892,1
2.3324449133077123,3
0.8705541082932305,1
1.5980516197681451,4
10.290279512536527,2
8.81485255135056,2
10.506105264354003,2
6.293618405675213,2
6.492825532258817,2
7.28668621364706,2
4.813586137163294,2
2.809610460793176,5
0.943295789901951,1
1.1462854278348724,4
1.0275282929251766,4
1.466719548590884,4
0.0,1
3.7481149995718264,2
0.27875242235679576,1
2.144586284300036,3
9.674238712965652,2
7.033208427047754,2
8.116648100789284,2
4.598021674053425,2
6.453385753877639,2
2.812983245554894,5
12.16541309064399,2
10.011150224840364,2
9.57556231346097,2
9.866541653593288,2
7.987873173174719,2
7.311713509486696,2
3.7864008870008896,2
7.2885057033414204,2
4.434643512106295,2
1.6471207296218795,4
10.76223878162148,2
9.330707981010852,2
8.832512534463255,2
6.988741238860649,2
6.215187570135553,2
5.780503007941969,2
5.424628981594602,2
4.149965291832009,2
1.9802969796688443,4
10.262423403162233,2
10.766640660293028,2
9.29473588579193,2
9.375183623654015,2
7.551733597690867,2
7.091324608281685,2
5.208236366424583,2
4.3385343115271,2
2.3894577097225516,3
4.332735598269987,2
4.615098829639696,2
3.6714510334204262,2
1.3517719218604063,4
9.1699980004326,2
11.982818092602628,2
8.220302503200097,2
6.821958464861457,2
8.998407811692314,2
7.027828264759988,2
4.523099983092707,2
4.331735059316446,2
1.1358462203265984,4
10.34416650587371,2
8.103264951167352,2
9.447849768732887,2
8.090564773740589,2
4.289016657706748,2
5.489882429421618,2
5.903330691603468,2
2.6744610159594067,5
3.041806472535804,2
0.0,1
2.488298861674438,3
3.178873322090951,2
2.5425681739926747,5
16.611888308923348,2
14.344419660331983,2
13.138911757057615,2
11.819442543629382,2
12.24688022702558,2
10.680593416095004,2
8.863092029880146,2
8.474470926375457,2
6.755646500611372,2
5.638847340411843,2
5.947699951082011,2
3.1425907528157286,2
3.085089720248177,2
2.4456207308351123,3
0.0,1
0.9479002505908772,1
2.216507756004955,5
2.0957401040859374,3
3.9284100549351115,2
0.6581194691932857,1
2.6155739151085284,5
0.93598466109085,1
3.5878230721588933,2
1.4977363007138709,4
6.572405277798338,2
7.784498749633732,2
5.31682046879955,2
4.808731858187671,2
3.565279314060218,2
3.1364456042319238,2
3.1760341534531986,2
0.0,1
3.169360832173436,2
2.764494754790742,3
4.644563843347405,2
2.445764909721753,5
3.4130149934843637,2
3.3377119874308274,2
0.8266986894955195,1
2.2242027046209665,3
4.74064580407384,2
4.552242187780854,2
2.9093506500962167,5
6.809233520111025,2
4.946970725605879,2
5.955357834647943,2
3.3825892753196536,2
3.4636326939393087,2
3.604095129774148,2
1.3397483706874365,4
18.263116932107565,2
16.512069161681588,2
16.663924827266108,2
14.480554711920615,2
13.307594142165105,2
13.46760330601302,2
11.701837780267015,2
11.59724981684512,2
10.597495563481727,2
9.842300220864617,2
6.710481219895411,2
