1.9282185743416127,4
5.280692246819354,2
3.6477413050775183,2
2.3555030379069097,5
4.5342574316197775,2
4.164018837828396,2
3.7988732296699537,2
2.3109581707579734,3
6.527638315263567,2
4.266692327386748,2
3.9552941542618067,2
2.51086803663294,5
5.2344928513419715,2
4.293246441257916,2
4.2608614603155885,2
2.9990794062631068,3
5.190466385602167,2
6.124947705652821,2
3.442030616735805,2
3.1003637389513177,2
2.1953424356594287,5
0.13586547803010685,1
1.9394915984906835,4
1.7371337217017246,4
2.3890282577987816,3
7.9693651885214605,2
7.458520639490668,2
5.7813715811459545,2
4.3190599885280365,2
2.2114019198731416,5
9.79352521056407,2
8.560518512833994,2
8.460747451546496,2
6.350405583982914,2
5.474438524752555,2
5.167147375086037,2
3.1582468594993345,2
2.0854040046594764,3
1.5716845418586614,4
9.611684704646981,2
6.833552761481997,2
7.487364497930392,2
6.480964304821796,2
5.2265816063585255,2
4.7217872645130825,2
3.4232368831844817,2
1.08802529917793,4
7.38029635354064,2
6.276380096854602,2
7.541781449228909,2
4.693709104458171,2
4.56748507078622,2
2.1359273521806093,5
15.980216931044222,2
13.415387224360813,2
15.013583128956759,2
13.764584569269221,2
12.953489786230127,2
11.781366916864453,2
9.971981078639267,2
7.824547875116885,2
6.6543748059881365,2
5.144493832922997,2
5.935253400902608,2
4.7021470953119415,2
3.60701208734548,2
5.004354678911644,2
2.529413809442868,3
0.6083960208230219,1
1.3680950165673027,4
5.06775808583141,2
2.902898806431681,5
6.1726256458882665,2
5.582396024493777,2
3.545921496499017,2
3.6327005809800497,2
2.0450242402042624,3
1.2076287828746093,4
15.809475049330029,2
13.732305395606392,2
14.837671526978118,2
11.752122174315321,2
12.392780457671625,2
11.058982970439908,2
9.112473769195187,2
9.923768871839403,2
8.277677418142481,2
6.085942133601104,2
4.497543909772891,2
4.5777557215684626,2
3.752846871824559,2
1.8240759185226365,4
12.887334885842233,2
12.46711934489794,2
11.167428134481524,2
10.902997174853976,2
8.724816755108506,2
9.188597518941547,2
6.626411406884012,2
6.456532211578286,2
6.727173767028887,2
6.624357522823949,2
4.870092822552807,2
3.1939143746088816,2
0.8285864437335613,1
1.758255381659675,4
14.123335985105802,2
12.389715430559097,2
11.472938204157382,2
10.418813195292149,2
10.978792899816703,2
8.746358150452991,2
7.548913160234089,2
8.29010485134729,2
4.539424085823344,2
4.263310339927733,2
5.595518471640943,2
3.0747170190061985,2
4.2920785727837965,2
0.7781815881272043,1
1.2110218524469274,4
16.017042420785398,2
14.102579291335205,2
13.786159441455428,2
11.987795022328312,2
10.425735729317834,2
9.17361436653272,2
10.047516528292995,2
11.069869200103977,2
5.939075554786718,2
5.5125159336092855,2
5.3746419995833135,2
4.874698144081584,2
2.7529531151078923,5
15.105884993408749,2
14.869647633702742,2
14.746147203471867,2
12.579467086994535,2
12.825373644023855,2
10.81237302085286,2
11.149299071529613,2
9.155122437938273,2
6.661568379388656,2
6.2610258786408775,2
7.8133766935970685,2
7.319008877237211,2
5.591077114685687,2
1.9097740076981888,4
18.253275075702575,2
18.324453008847954,2
16.292037015480048,2
15.891102008091615,2
15.073714764290134,2
13.226485227482762,2
14.825615697157064,2
11.696828862157204,2
11.353207498098257,2
9.757461891264976,2
8.514725807120783,2
8.610945346239557,2
6.866335981245397,2
4.573860127307406,2
5.967516813716266,2
3.896047369396664,2
2.7125164665938226,3
1.2905550587859151,4
4.714500311342328,2
4.4927039091782115,2
5.77808220044805,2
1.937946715340393,4
4.568158474489304,2
3.338143518451398,2
1.3299470779150302,4
6.533768111440551,2
4.3838042517488445,2
4.252305085005544,2
2.1966625082008977,5
6.585857452789033,2
2.7262088340174366,3
3.756533322292465,2
1.1955884562271597,4
19.858864300098688,2
20.645735676993827,2
18.432989486685553,2
16.644665726958884,2
15.486520340566175,2
13.76458593240732,2
12.605492513065546,2
12.626240327436733,2
13.393887191938331,2
9.690410972349358,2
9.711896982566193,2
9.629279037469939,2
7.760341358878874,2
6.391987163342459,2
5.234086893641066,2
5.522748115446925,2
3.4476844002888245,2
3.071576884922797,2
2.1061924079792167,5
16.26369737308112,2
14.445364680694034,2
14.107975833531306,2
12.886905114085536,2
11.4510952378166,2
10.638582924116092,2
9.961789043843618,2
10.184214762439225,2
7.3588103062224555,2
6.454445868350108,2
6.425972024625843,2
5.9882285790029215,2
3.72208878923975,2
3.854862226862886,2
2.82310331256613,3
19.354282347241803,2
19.386700448998813,2
19.518361607507977,2
16.297112486504975,2
14.178020422957118,2
15.626383283455127,2
12.382720422653122,2
12.284772259122706,2
12.211799701233886,2
11.735146128136297,2
10.697554437219294,2
6.706164718130653,2
7.555239152422332,2
7.72529662860255,2
6.305510536834008,2
4.7189967340869385,2
3.306267365913812,2
3.1674468817139783,2
2.962000423183301,5
5.261627779854284,2
2.125153694723019,3
4.806635096509266,2
3.838285480772447,2
3.28267633741606,2
2.2572105283479424,5
1.3319718080382537,4
2.30995221530849,3
4.374901264413257,2
3.4237272481582623,2
1.4930424798217867,4
2.4934117379549448,5
3.858809147082599,2
2.0734789956471475,3
3.331717698224603,2
2.155627069337588,5
2.2532061595737467,3
2.8348467200712473,5
0.993545404096015,1
3.955863857786188,2
1.7499588672471649,4
2.341087534381109,3
1.850216364430114,4
2.9053802576551297,5
2.8948769223431623,3
1.90715330717149,4
2.6162799704310378,5
0.2767874099370613,1
3.550931004043743,2
3.179062637165,2
0.253114689683245,1
1.3955291287416085,4
0.0,1
2.7424186007095663,3
4.132742068157145,2
1.4518465009328565,4
3.6973084571815535,2
3.8490267042713837,2
0.4606034936141698,1
1.531947524258888,4
1.136758725546497,4
3.2290132259020923,2
2.259380971112184,5
13.159685810514937,2
12.422740575795894,2
13.12305654108602,2
7.9727877050071045,2
8.222816938629531,2
7.028168684404164,2
6.4588397954339944,2
5.977066187302225,2
4.355685951056772,2
2.6889441154789435,3
4.292794934153119,2
3.7771524659841496,2
1.9103716628119816,4
5.275287065252659,2
6.0820637776728015,2
3.1546536713453106,2
1.883296907690737,4
4.419866155842577,2
4.009082765447188,2
3.0570383913398755,2
1.4953105182537687,4
4.369323203400092,2
4.291147622964441,2
5.205968944544444,2
3.502690799285621,2
2.322765173445771,5
7.387848937135939,2
6.973376807269605,2
4.535938713277259,2
4.004783195970909,2
2.971171588376936,3
1.9676274390801556,4
5.3411534265551115,2
5.417377112939625,2
5.268349776169122,2
2.9155043478521736,5
16.58233297043308,2
12.828385061772613,2
13.455945289209813,2
13.40749478767658,2
13.418175035050213,2
10.163986100104157,2
10.66829536199774,2
9.214284024478859,2
8.80689016739651,2
6.658839134396289,2
5.871547519611439,2
5.120801829978501,2
3.9743554384203845,2
4.763265026142581,2
2.3022376830745706,3
9.308073822304431,2
5.97271473145112,2
6.448995101346518,2
4.609100037336344,2
4.974502136794381,2
3.6454693771940936,2
0.4123837577369183,1
2.8050238594524624,5
13.021546585011563,2
11.257799139429338,2
11.953348824184198,2
9.125396241992274,2
8.21138412973498,2
8.631408829329029,2
5.571457117389205,2
5.421257169485,2
4.877819227285534,2
4.8620940756424815,2
1.3440187263818657,4
16.74929119550836,2
14.063093890934384,2
14.47607753439343,2
13.303651156700303,2
13.724600511939128,2
12.191697604057346,2
11.32896460671061,2
7.2698924154372095,2
8.86478417785609,2
6.803299914109807,2
7.708402022502794,2
5.752357500132476,2
3.3953388711815964,2
3.2036758433029475,2
2.7970968847544984,3
10.038540944324037,2
9.540631639107792,2
7.247044847653087,2
9.125692319553641,2
7.831072854623555,2
4.75558989614351,2
2.8542127966646063,5
1.737759063603476,4
9.082645929308036,2
6.958780015052451,2
6.9571072352878405,2
4.032614582234636,2
3.5487284842097067,2
4.10984043311881,2
3.306649330224621,2
1.204926785276326,4
6.850255789360348,2
8.629750354669463,2
7.631696824757688,2
4.358057694826553,2
5.263177343071824,2
3.8008460817077303,2
1.7007858024961395,4
7.017714575519104,2
6.949381094209598,2
4.463592779071439,2
5.253336576751126,2
2.202197280842706,3
8.580456533725874,2
7.959633119542904,2
6.047255773115835,2
7.089204853357964,2
4.671835418137434,2
6.050625252443401,2
4.578846725419117,2
2.9274705295606784,5
12.520992361158113,2
12.586946651861572,2
9.521749875293775,2
9.756515291239099,2
8.211931390047448,2
6.097343897917037,2
4.910780603313303,2
4.92222946910492,2
4.903790695686785,2
2.1539328260112693,3
3.899268610200183,2
4.403414330931444,2
3.572788900507492,2
3.743362637344088,2
1.977161921838195,4
9.284303288399682,2
8.470819386346836,2
8.422124577416108,2
8.555687677872783,2
5.579412935209879,2
5.472748962537129,2
4.14679914085934,2
1.390040386681768,4
8.327045242049946,2
8.532264609505889,2
6.953408945524961,2
8.116877051980232,2
4.560722490586149,2
2.820596417414041,5
16.435522830977593,2
14.343151652302618,2
14.102463902387367,2
15.274482368452494,2
12.915004505219619,2
11.276160985868987,2
11.318119763902823,2
8.499853252967378,2
10.042666825908588,2
9.771930604623034,2
5.94527056565124,2
6.028437483322991,2
3.782089304733292,2
5.084899761437933,2
2.9536522716826603,3
17.06507709261351,2
15.604608045370595,2
14.705408772160125,2
14.149655139539448,2
13.215461428283328,2
11.273032793163269,2
11.777837997365852,2
8.305364920647232,2
10.768497214571925,2
7.834618955042151,2
6.851485982783129,2
6.2562168770936575,2
2.9727230445912203,5
3.7462888101558622,2
0.7946305932119273,1
1.9345347731615723,4
6.119565456341821,2
4.110978182840725,2
2.851014709448189,3
16.693731738065992,2
18.71564720543853,2
16.70870278978796,2
14.871118547758082,2
14.89487714559383,2
13.338479323730187,2
12.732141858663494,2
11.463424081355734,2
11.302673918603489,2
11.487049442937405,2
9.340471170297883,2
8.283594873268779,2
7.0737667541280675,2
6.520608792448727,2
3.797363383741376,2
4.222031032851181,2
0.8962246595697536,1
4.928244115090567,2
1.7722188444003748,4
20.423358339652303,2
19.046265637819108,2
17.46153418575194,2
20.000597811912577,2
17.31687318105613,2
15.276404724515105,2
12.613049645229035,2
11.995611076025254,2
11.365405350145386,2
12.011548368345348,2
10.590343682452225,2
9.685332587075743,2
9.303513813695147,2
8.056443296591148,2
7.019818459644284,2
5.816893293278795,2
5.344271181255704,2
5.422443493341357,2
1.384541510575833,4
20.784794140946538,2
19.666882070088608,2
21.512968690353755,2
17.933643721593338,2
15.27174249897928,2
18.007302920335807,2
14.147742153238696,2
14.195675159599402,2
13.948565792971255,2
12.557108689211258,2
12.192522522228982,2
9.748204517388952,2
7.306865890288753,2
9.750596492662886,2
6.942617637295589,2
6.053691656396222,2
5.692504056863843,2
3.7045737035451096,2
2.969074772075997,5
5.401733799583526,2
5.332706133755778,2
3.2603255638021964,2
3.1702685886037814,2
2.3337054326073883,3
9.46109680684484,2
7.532630393978557,2
7.8975568871141695,2
5.4813187592690005,2
4.201560082832274,2
5.271960502731399,2
2.3692961736058833,5
11.857976515388126,2
11.363200675480881,2
11.896312379807002,2
11.356309101841461,2
9.037548412018609,2
8.438724268261982,2
7.3056723948924995,2
6.532640003502843,2
3.5097082952656384,2
4.1558923476853415,2
3.6221035054537705,2
1.8221516349762976,4
21.685587496527077,2
19.79026451378807,2
18.284367264014605,2
16.859478285126382,2
16.08069429629083,2
14.269982958934564,2
14.031384836877182,2
12.959053539934214,2
11.998124456374814,2
11.212358333621173,2
9.950773598321105,2
10.08181703689711,2
7.83044945351133,2
5.599159572893263,2
6.547801033128933,2
8.471077445626843,2
5.37731833442002,2
2.580583686510372,3
2.241233035639977,5
4.637720874891256,2
2.05342975114591,3
9.094841844866254,2
7.567552531312742,2
10.392765713534828,2
6.835410819219836,2
4.434005824749273,2
4.8171760891698066,2
3.485411901114423,2
3.2534663572973272,2
1.5579226049684791,4
10.459603846926957,2
9.267984560948944,2
8.101059089057268,2
8.154445975068164,2
7.137121350820752,2
6.294112933416447,2
4.8513285849926815,2
3.5024134715330804,2
5.304876199524781,2
1.2261887767443291,4
10.287700352755387,2
7.926447860644915,2
8.40143633576475,2
6.353732787990233,2
5.794169319690202,2
4.581773720227488,2
4.060486369335206,2
2.188947850386444,5
2.0751460049155845,3
2.838952516019712,5
3.1628649217746405,2
1.9682578277454097,4
10.67203907131159,2
8.491971063214962,2
8.743406576301963,2
6.893758946019823,2
6.2477657543465375,2
4.904036911950175,2
3.8176821894866415,2
5.435182933459512,2
2.4589492075504555,3
8.182421123594251,2
8.0567660063495,2
7.965382802279464,2
4.7365854861641115,2
3.4559315724708886,2
4.0953736372512966,2
4.019319674791189,2
2.4233781402947656,5
2.0183674593797547,3
3.158772259576922,2
2.053882432775663,5
4.954803966999799,2
3.02607689051452,2
2.833149244863121,3
2.5946654234190487,5
1.2054788788693058,4
12.46284534426876,2
10.46883158958856,2
8.48292746978037,2
9.366142129093292,2
6.026734848027901,2
6.092447374590379,2
3.3824669694697316,2
2.9905867826200088,3
5.045365584105613,2
3.2634387580451576,2
3.2049565831844458,2
3.3648363209886325,2
1.5195186823125115,4
2.757639271613621,5
5.7644753712449575,2
4.4555254089273335,2
4.929336394439788,2
1.904358950865272,4
2.698854537375034,3
6.957420000066001,2
7.356789182923112,2
7.802780226779476,2
6.680299329986927,2
4.211895355683483,2
3.6057866788922697,2
3.8920033662492965,2
3.5904040918263003,2
0.2477441848556371,1
1.8894927052612287,4
12.661622093419846,2
10.11082408631306,2
9.741163175994377,2
8.812325898829489,2
7.072684246984829,2
8.739277408874496,2
8.845342993941344,2
5.8276477561261135,2
4.28801486523375,2
3.30962891360211,2
2.6872185641310784,5
6.268366027794839,2
4.340316294679263,2
4.267523526527479,2
1.7313221279906137,4
8.118413228548082,2
9.693046870792235,2
7.31520301207615,2
6.124813975909286,2
5.396868505896782,2
5.283291106329269,2
3.6647144483077283,2
1.5983504546073013,4
9.09600859985441,2
6.765252595600772,2
6.993065485004983,2
5.0017929414649736,2
5.710173150381575,2
4.2648220761389615,2
0.6099935959768952,1
5.422115907991199,2
2.0843535320260766,3
1.902705100987481,4
10.504141070270794,2
12.247385103493636,2
10.785764640683762,2
9.513714157376329,2
7.098089404682637,2
8.064880225224734,2
5.924246835067838,2
5.5170997216034285,2
3.8210908898127585,2
4.3556316595674485,2
0.4271933279074716,1
1.543729249658036,4
10.908119683811252,2
10.306761513885048,2
8.738521052390949,2
8.17778209885548,2
6.129978209148777,2
7.6386293868805195,2
5.1301907152981165,2
4.2697520385112,2
3.443343986831899,2
2.3767857359231197,5
2.778387193373819,3
1.3578116842260313,4
11.491586314450116,2
9.820057688235156,2
8.271606603093982,2
9.632600094705737,2
6.6699643420065255,2
6.430183877456111,2
6.568761081964872,2
4.452726694002949,2
4.290795024020581,2
3.4150936870646063,2
1.7219349018045356,4
11.280783486395116,2
11.061441324259686,2
10.659381745567263,2
9.503466554480411,2
7.738852469317318,2
6.21785261152154,2
7.4445142727597275,2
5.104081720835934,2
4.394484792907497,2
3.587438303360613,2
1.1426577758985343,4
11.406063207465214,2
12.868095862120544,2
11.020650239238977,2
8.453495222427193,2
8.038080124914213,2
5.831855320189263,2
6.562149039032023,2
3.673320955686316,2
3.90152497376091,2
3.5501836371397686,2
1.6780952621746847,4
11.978365808718712,2
11.608359522349767,2
10.09017522614569,2
8.545088655540866,2
7.7681958724545375,2
5.506850185935327,2
5.544004413522295,2
4.991822420646256,2
3.900621009015429,2
2.8658383384834107,5
14.112120509751376,2
9.146448572390335,2
10.951223698410207,2
10.526494509419573,2
8.069093124374465,2
7.783891343550395,2
7.314973983143168,2
6.629862257040557,2
5.2383069058342215,2
2.2299613320137945,3
1.5154107991582206,4
0.5820332931205523,1
2.1348907202006626,5
6.369847800189273,2
4.936842638950956,2
3.652206507735788,2
3.077775578875482,2
2.4661190506652013,3
3.8047917960745847,2
2.2820486490494454,5
13.256758308293094,2
13.24306429439616,2
11.59922962625402,2
8.134307395856334,2
10.690172197751496,2
10.462627593845603,2
6.707845402174769,2
6.657062905812633,2
6.687013192867753,2
5.8534784507119175,2
5.020471384056432,2
1.5861645156339514,4
18.928021829842177,2
17.80667550503893,2
19.514979323222228,2
15.945376416521707,2
16.46576974842401,2
14.441134225605015,2
14.68150246933726,2
13.106560502844383,2
13.705343241115301,2
10.214186080178786,2
9.34303890297961,2
7.0276169646260325,2
6.541754701538272,2
6.034819979707447,2
8.069233687818834,2
5.291203080687623,2
3.0106244483394877,2
1.4859417921698308,4
21.036130053082594,2
18.35002030412751,2
18.4508137605622,2
17.39068285672877,2
15.77929617763515,2
14.850650792528135,2
12.576594809679465,2
13.31752324495001,2
13.542375712555904,2
12.116156878994596,2
10.66876809792107,2
8.184371201212072,2
8.153734340649311,2
7.704949749004822,2
6.131394452791251,2
4.8707338390765145,2
4.739092641834923,2
3.429530562415124,2
3.1191339871162214,2
0.8421249681904713,1
1.4496908823959176,4
18.522726283868593,2
20.923090874538037,2
17.800178146264297,2
17.045357737218072,2
15.047486542684775,2
15.880864222093756,2
14.446465274026007,2
12.47770023739644,2
12.82877628347464,2
11.289043350393614,2
8.33987860148704,2
8.659171783477793,2
7.577388000742039,2
6.5016535541092875,2
6.309916342581861,2
5.352913597773292,2
4.33058553477493,2
2.8323464930919218,3
1.7040964512839871,4
2.3431993548411625,5
19.121127472589247,2
18.58289804088424,2
14.614667217136333,2
17.513837630259594,2
14.538513224457002,2
13.31506031989281,2
14.757732505098266,2
13.013576813756984,2
10.402140758376387,2
9.74372733395746,2
7.561885582345705,2
9.323937697455603,2
6.878300074548797,2
6.573375704840102,2
6.180837353538813,2
4.22719490900792,2
4.810382312007233,2
1.7599373034397714,4
20.81112413743569,2
19.8610128306898,2
16.578848365319935,2
16.871868770113718,2
16.678135260128162,2
16.238985155397355,2
13.356659204910274,2
15.556889483507321,2
10.199143224184564,2
11.03143000774082,2
10.290728896788432,2
9.240219666242444,2
8.342137947340275,2
5.524043128616746,2
6.506637891167783,2
4.549838065073335,2
2.596445629437902,3
3.743105893030767,2
1.2887569180179572,4
1.2119034959032695,4
1.3104954223963872,4
4.502503946260396,2
1.718587138835142,4
4.054019800447876,2
1.5315672541753886,4
3.385521850458636,2
4.1841798334797975,2
0.0,1
2.5022976059241917,5
18.28431673057715,2
18.738664499768614,2
14.525376664287247,2
16.24578574739903,2
14.385765983091275,2
11.169719218929927,2
13.36686252757108,2
11.521196485189641,2
9.587968263650275,2
9.830650223466703,2
8.332379936513624,2
7.027659077492772,2
5.638620726136793,2
5.113577286192363,2
4.840602765785857,2
3.2549471630747484,2
1.1220535035038193,4
20.325132335828272,2
19.551231667082245,2
18.794509451817557,2
17.63180806762092,2
16.24217073768382,2
15.785440334085962,2
13.409505967859399,2
13.222706665723669,2
12.517249144442346,2
10.609390736154698,2
9.879753483004157,2
10.145680921605043,2
8.721781063835861,2
5.447403165374942,2
4.66933857346857,2
4.722010033164562,2
3.994385649399042,2
1.4546609540463638,4
19.17564721158199,2
17.28659476641586,2
16.706204080017926,2
17.421888873073197,2
15.364249510101905,2
15.796635378468714,2
15.313758075002225,2
12.053265864788205,2
11.71588900301198,2
11.830302326374161,2
9.641917348834662,2
7.044950252868893,2
6.961274721675188,2
6.2702039327746535,2
3.7156105184129538,2
3.5266268240364136,2
2.833815352822814,3
0.4234390326605332,1
1.5582450570454358,4
0.0,1
4.43050109715154,2
0.728857494460923,1
1.8424029249185836,4
0.7088576374596336,1
0.0,1
2.1108757655973998,5
3.0238300262894366,2
2.1414217689054627,3
9.99142002807793,2
11.112807878452143,2
8.451378657200936,2
8.324846446487333,2
7.338019233416644,2
5.228226378000664,2
3.4160387317735736,2
3.33887945791952,2
3.4981838764120843,2
0.6528610996673225,1
2.8484349957957233,5
2.501121739627898,3
1.2033762472835885,4
10.763070010613623,2
9.065787340535524,2
6.309780959689712,2
5.545491606508354,2
5.592474300235222,2
3.8104968981310847,2
2.5317108293895094,5
20.19752259418248,2
17.303788960076208,2
16.730731696332878,2
16.11384689449288,2
17.609345876228762,2
15.940880991258489,2
13.576231583400324,2
13.196485932413593,2
11.579866605077466,2
11.249026166972406,2
9.957997120851482,2
8.979319685555417,2
8.269509761594017,2
9.677212705420567,2
6.2271019070097005,2
4.996647559991007,2
5.052150652495336,2
2.689918957465524,3
2.0431734701594118,5
0.9688570568377028,1
4.739237573482379,2
3.2586972523068205,2
3.0770819591118164,2
0.6896143816933749,1
1.352621371566566,4
21.135738472139064,2
19.682577050369,2
18.777188305586428,2
17.944068609253463,2
17.951273623190648,2
15.196649578436954,2
16.3230069959816,2
12.260902204901154,2
12.236686495444319,2
10.815812989822453,2
9.950099586247038,2
10.235937140485742,2
8.439303590936046,2
7.396209763673236,2
5.237771476058583,2
5.118103351400191,2
4.734202985054417,2
2.193117411302469,3
2.3019811831884316,5
2.2720073195981283,3
0.5454745091915005,1
2.5710028315090097,5
3.2481101276572115,2
0.0,1
4.321755308892603,2
3.0677124290837945,2
1.5882736220662834,4
9.913768910185883,2
11.815975280255635,2
7.404974482350321,2
7.27846884946395,2
7.9362279936388065,2
4.728420482514723,2
6.192363873107739,2
3.957061992873072,2
2.180385409015047,3
3.4413248820438582,2
2.224152408433701,5
5.023868721890168,2
0.7984941083257078,1
4.115062171978287,2
2.2267139953905435,3
0.0,1
1.651085480710994,4
2.2288741690980336,5
8.858571519687297,2
8.524708738748181,2
7.403619399826178,2
7.180577677726166,2
4.0622181888778215,2
4.683748595842305,2
2.9591475700600447,3
4.997367762066309,2
4.507063783212217,2
1.1796455935599588,4
4.5241388737859785,2
3.2619989563343883,2
1.2857176494467313,4
2.9822162174119318,5
4.052940925842264,2
3.470374821507803,2
1.9091328757579729,4
8.019054744155017,2
8.956171207358393,2
9.170760580605931,2
6.5903638121511365,2
4.934350228505748,2
4.88821949203934,2
3.370265111481079,2
4.354619763799012,2
1.652530445005914,4
9.516102051166676,2
7.904532378166883,2
8.180134353783044,2
4.6993482381481675,2
5.485935260272644,2
5.662531151060598,2
3.4078940806193887,2
3.8453880569765198,2
2.7813318034174888,3
8.658836317308642,2
10.307748412907962,2
7.963934013836278,2
6.061182351238675,2
6.841609832052254,2
4.556771511778779,2
5.842070247192769,2
3.7784168932067335,2
2.6996443199060165,5
2.888832217396537,3
2.511545480182092,5
1.443560707885944,4
9.95532766137119,2
6.247844071334287,2
6.677970835512898,2
5.332731117357131,2
3.873858172626524,2
3.5508230093709097,2
2.298170003078496,3
10.595071974847523,2
9.340291728436812,2
7.751071325983029,2
8.08989042525651,2
4.854909792940023,2
4.420166780918711,2
3.6790642994354967,2
1.7434011857555878,4
11.501669906695442,2
11.648190133373644,2
9.675789994310119,2
6.1326524806368194,2
7.334266527508731,2
6.413800880191762,2
4.876412703174871,2
2.3966061856221392,5
7.749116230403585,2
7.264738443920282,2
6.965693771517222,2
4.931966345468866,2
3.888628768448282,2
3.5987174986273565,2
0.6317535458877168,1
1.714905048531635,4
8.065174783418541,2
5.930812798619651,2
5.4812827930945325,2
3.3778411577282674,2
4.182019694879806,2
2.961684176277572,3
12.572432084253736,2
10.429974675532684,2
8.016070285014797,2
7.8073433587733385,2
4.7495996937026606,2
5.37353702177109,2
4.589977679650389,2
2.81509910349734,5
13.310208499464702,2
12.173100841864102,2
10.667972339631325,2
12.386306792755748,2
10.40763628310038,2
8.497452665195222,2
9.0285612067111,2
4.9066625594457545,2
7.100704696057748,2
4.526945693111379,2
3.0515900785630534,2
3.5121903899568645,2
3.1515372172696066,2
1.3344320897762725,4
20.83452699180929,2
19.79521050015389,2
18.172383266431726,2
18.452770504105867,2
16.35256461684604,2
14.670328472957413,2
14.779957027343526,2
12.80217797521707,2
13.26652751814346,2
12.898838955802344,2
8.90421970374941,2
8.859813483404348,2
8.258182176425548,2
7.698851803415019,2
8.950140459742821,2
5.6975963318088905,2
5.9085200058819165,2
3.2644495898587147,2
3.534159129460217,2
0.3323308117774695,1
2.012070101415912,3
0.07187888713926671,1
2.345128212939547,5
3.130276432192624,2
2.7638775442786807,3
9.495914435254367,2
11.717897775282696,2
7.8382035516202535,2
8.744736779973001,2
3.9499466067589646,2
5.227953374312406,2
5.0833331693053685,2
3.570684508463545,2
1.630631826768903,4
9.4730620089558,2
9.197075846441525,2
6.060083008983513,2
7.360334144180938,2
4.613153283309266,2
4.943977519336672,2
4.413015000940215,2
1.857341869816452,4
8.595463933063048,2
8.6227721806192,2
5.549788622072747,2
6.49873892192059,2
4.484465413460122,2
3.0691607047168823,2
2.8034704014770297,5
1.9283759757198908,4
10.78502147456457,2
8.00891404691324,2
7.08741640171672,2
5.485184326817003,2
4.240543476899074,2
5.200930854091255,2
3.4514285041301234,2
2.456422859723921,3
10.879123617766826,2
9.09854971286522,2
5.896518762529615,2
6.744325315772962,2
5.1456836002576285,2
5.779773169892097,2
4.491233071756795,2
1.8030102962064207,4
10.839790623226614,2
11.764534436864489,2
9.83322518812106,2
7.847968180417277,2
8.70506515008054,2
7.290197120487914,2
5.4775782892379565,2
6.086939331430499,2
2.1913453278883366,5
9.699142855023068,2
8.489832665186059,2
9.835508106751128,2
5.926393708981236,2
5.34683659578286,2
5.586091905291765,2
2.5083171986498467,3
3.85329139744646,2
0.30053904921046914,1
1.1816214340488131,4
5.74271930716897,2
4.15524229329372,2
5.459771150261738,2
0.9404523017699424,1
2.51501340557815,5
2.1830245972777234,3
3.711621037373136,2
1.9709301742366545,4
3.96180544370052,2
4.352109713052596,2
4.4464548325902005,2
2.418694864082036,5
2.8936505496674947,3
1.9905117194022557,4
7.121584320266701,2
6.033997135522773,2
1.7244384032390698,4
2.9254776034319683,5
4.280220009370094,2
0.0,1
2.3662635921934108,3
3.915977964838669,2
3.3030726180878323,2
1.9664315495287623,4
4.724456063826564,2
5.0733897124248815,2
1.0418842713329366,4
3.1860860226422867,2
2.525207865326148,5
2.1505374012583984,3
4.112790820263787,2
2.9759028412817594,5
2.6528999530160315,3
2.0096188124154657,5
4.385529963261104,2
2.578334465417138,3
2.875948769684177,5
3.384752249719991,2
1.3378741979806992,4
9.540337900310876,2
7.337263718309287,2
7.462436955872495,2
7.187736396749574,2
5.226084646039428,2
3.928718990776829,2
2.737359704775693,3
9.01176205248206,2
7.9520447922752595,2
7.663588533113464,2
5.012307811415309,2
8.029778535760013,2
5.864451109714916,2
4.6748382760194644,2
3.420281341156857,2
1.6013325734344808,4
12.023797316761101,2
11.961637137872314,2
8.99868970340921,2
9.971882113243971,2
8.373922219509817,2
6.552507058569762,2
7.074638750049001,2
4.366336819778362,2
4.3309554048021885,2
2.174562439585048,5
6.614647057231751,2
7.478373452518848,2
5.660521507700727,2
3.3742577685724515,2
4.050795707039108,2
3.0580205906743916,2
1.0331501290117573,4
12.88882005463068,2
11.245423293828974,2
9.341144704804442,2
10.726099141229147,2
8.708169367691102,2
8.616045325053651,2
4.969083379877158,2
4.2608550914262375,2
3.781029776317516,2
4.038953113884052,2
2.6109277284599512,3
0.04950774480511766,1
2.1590555176943163,5
1.184027513416417,4
9.098892650385217,2
7.1254696593223406,2
4.296106571864324,2
4.757994082572061,2
1.9426528229415356,4
5.949874277023808,2
6.010747213744642,2
3.6081162966828337,2
2.9321436858304684,3
5.224857838539479,2
5.207865032135811,2
7.4986705996890235,2
3.2787584889909307,2
3.9069583176947487,2
1.711472670811692,4
6.607156678311942,2
5.976169584476054,2
4.789919844086783,2
4.3281151058929614,2
2.9063142383395757,5
10.243844468655048,2
8.641860175964068,2
8.181859918286406,2
7.313900802213718,2
5.796695387232148,2
3.8256605076358365,2
5.481443423634144,2
1.9653037586647224,4
11.433823044096398,2
7.814289645426768,2
9.109726653858672,2
5.349127518647482,2
7.101264848388487,2
5.279470703439795,2
3.4334716453978302,2
4.212132417909424,2
1.080529807901478,4
12.088846081602393,2
10.767805196865208,2
10.538633871471717,2
8.559082806555956,2
8.336592135744617,2
5.03034670500046,2
6.001058465625235,2
4.126193266958797,2
1.0553081663417867,4
9.021258482724186,2
6.882909397192127,2
9.010368540514762,2
6.016894307724177,2
7.623960107212618,2
4.404386692697352,2
4.028123646340774,2
3.6725466161055667,2
2.863151707865653,3
0.0,1
2.1424405553559773,5
1.4918318762816891,4
6.67391517384304,2
6.006416659493201,2
4.580876558118123,2
3.2849625942498366,2
3.5213784482077903,2
1.798589438701936,4
7.035690810469682,2
5.476806301329108,2
5.412726075275514,2
3.1644619050755094,2
2.008509874126756,3
5.367958401020991,2
5.057082074221424,2
5.600869161462343,2
4.312668174110317,2
1.188941309278576,4
5.382070371960454,2
4.6799523318807115,2
4.653447957481787,2
4.149277781354232,2
1.5727063389266194,4
6.615862554986376,2
6.176327040039087,2
6.053830394365442,2
4.0638993203681535,2
2.8203558253648366,5
7.879164672375317,2
8.184027138041104,2
3.5265288029514306,2
3.3685857530542176,2
3.5222870622692177,2
3.40622408738486,2
0.4736103826226077,1
2.757128867776165,3
4.349993897676857,2
2.1526026796550224,5
3.1114637189473764,2
2.0045426110873854,3
3.1288431218179418,2
1.6985746958792285,4
10.636602702785767,2
8.893979453607203,2
8.319501914844206,2
10.02421959956174,2
6.132215548794009,2
7.342328334557909,2
4.283822202901718,2
6.080971288562199,2
2.387102616465098,5
7.6523178064563,2
6.151850651179463,2
1.8438560037218503,4
9.50968614730366,2
8.227987652306622,2
7.826487821247108,2
7.750167736449693,2
8.280267544196228,2
5.48351572194239,2
4.075423048718862,2
3.2061289536812536,2
1.997410753949413,4
9.56576746189042,2
11.386727700648114,2
10.918138423487367,2
8.440549642462793,2
8.550679112708208,2
8.864775865576435,2
5.499899436303755,2
3.5118808857497053,2
5.690276604108437,2
3.4463144189849397,2
2.0170639915939383,3
5.295580578921859,2
3.856643118793162,2
5.332266539096987,2
5.257954020999764,2
1.722088684927583,4
8.099922550901233,2
8.792149173427724,2
6.209096835447598,2
5.296099839816504,2
4.685197862759404,2
1.8993631342376969,4
9.654322396656466,2
5.945518215875999,2
4.975632067918243,2
5.049200799828104,2
1.476216688723945,4
4.882423787881775,2
5.474692683020528,2
4.484909649775794,2
4.208745542882713,2
3.7299059001393817,2
1.470497646170528,4
8.559094241543134,2
6.355029627249779,2
5.0623511787599496,2
4.7467367504921665,2
5.465860022704809,2
3.886869837379104,2
0.3060483648037093,1
3.4750567968185946,2
2.195491806488924,5
7.129761186590923,2
6.580069884337685,2
6.837338573282215,2
5.7534869030022,2
1.8842930283520796,4
7.043103815070327,2
5.084963762113191,2
5.069304769615309,2
6.967475261351748,2
4.507220994703756,2
4.0294454638005455,2
2.2218087946532017,3
7.23078635004315,2
5.523323089600138,2
3.716518198746788,2
3.4854907922849123,2
3.0423014704566733,2
0.3469108075829165,1
1.9995829614942875,4
11.891726213988516,2
11.18299282038702,2
8.896669355071685,2
7.867794413492187,2
6.8968593301952845,2
5.390829728248468,2
5.926373530585871,2
2.9115025881924232,5
1.8409849059856835,4
11.347297546947846,2
12.050528410044155,2
10.685471998590957,2
7.0087522171494925,2
6.578824759980638,2
8.448313318529829,2
3.3282846886583872,2
3.3995513314425936,2
3.643761425188608,2
2.8631566877372334,3
1.815423121817416,4
2.295320752970012,5
12.169067003902118,2
9.661791092307762,2
8.956536539928651,2
9.104324560560636,2
6.199016480509293,2
3.7736401882799138,2
6.173984639800701,2
5.677620210985808,2
2.96021433573519,3
10.06122071828159,2
7.668930261790424,2
8.831729710129705,2
7.27395669151902,2
6.816210644229478,2
6.235131262220969,2
4.36597340919684,2
1.2961998070073366,4
22.030955063261942,2
21.572358125097832,2
22.064844689921713,2
19.661755855948915,2
18.33938618765653,2
18.451630612557203,2
16.397390287881137,2
15.467005872059573,2
17.357716276311418,2
13.235119786378775,2
12.081305136141873,2
13.630207342014925,2
10.75184596699675,2
7.841352808467834,2
9.49734785925568,2
8.774746904023388,2
7.027547059349929,2
6.720039598875357,2
3.6412868646535337,2
5.147867254175215,2
2.455597614101833,5
3.7002311288411898,2
3.3344277917641945,2
0.5144459930599641,1
4.469407297264022,2
0.06280428299760865,1
2.632640772036737,3
2.880415703950275,5
4.221715379911279,2
0.9524389050270881,1
1.5331109479018838,4
11.383619062422733,2
9.622796695225206,2
8.413279605915854,2
6.448090948775837,2
5.853370546004182,2
5.990077669493956,2
2.9084054501653607,3
6.295906610693837,2
4.7694822422450045,2
3.139430764671366,2
3.0514194674070487,2
1.0531245530384932,4
8.088090455949759,2
6.585422129178225,2
5.395921737674412,2
4.720724804644698,2
2.5108436542238652,5
7.578642282318678,2
6.796821753874668,2
6.423097583228188,2
4.726279529057028,2
3.9239944057815954,2
2.2651504413929247,3
3.049855013270446,2
1.3414876549106822,4
23.951751032034522,2
22.123165885106808,2
21.991744034568416,2
21.725494943148085,2
20.16656866145484,2
18.074627355930826,2
19.843374299696702,2
17.41457838641604,2
16.236976233076412,2
14.799206818176131,2
13.833875060757995,2
13.163296979793165,2
12.628556646176186,2
9.60860464355717,2
10.125069111014989,2
9.392649005835704,2
8.016957443109611,2
6.7572414440225375,2
5.470764469603803,2
4.3656628412246095,2
3.40644257700698,2
1.128010455945604,4
22.812164314078608,2
22.793864627521447,2
21.563560854092355,2
19.594381918554564,2
18.883697512894532,2
18.45379732636076,2
16.856203325548346,2
14.261399543576937,2
15.26584500755858,2
12.867905411562132,2
13.286388398977987,2
12.175021823094525,2
11.540128138546768,2
10.128408167169988,2
9.237191077675261,2
8.950663629568995,2
6.185401877631289,2
4.3178853381524585,2
4.995004482040216,2
4.00508487491114,2
3.95939972069215,2
3.3882514407280606,2
1.4267905205878328,4
23.319082019614434,2
26.116066617915568,2
22.511580230234298,2
21.09854954974003,2
21.195445968200122,2
19.41994240256032,2
18.818512326749772,2
17.449059904744402,2
16.69783833830767,2
16.808175090440706,2
15.21878126079128,2
14.152917677169635,2
13.70397798885087,2
12.648018161070087,2
10.221940768236898,2
9.844465459831207,2
7.42783480733642,2
8.990257273850393,2
5.739663748722367,2
6.750418884303503,2
7.0802902723270575,2
3.990427724295995,2
3.3158374049387094,2
1.136219309477397,4
23.856489584576664,2
20.939250867774124,2
21.22745912769266,2
19.158987902610708,2
19.0270030083494,2
18.538836921751844,2
18.41729606598731,2
16.99047006311535,2
17.347803391378243,2
16.46609183428057,2
12.573485922295447,2
12.625738537403475,2
12.222986007275678,2
12.534693353275348,2
11.140882548678157,2
8.687062204751308,2
7.981803134780121,2
6.226695744093068,2
6.115540544896994,2
3.05909838750821,2
3.9396054954068114,2
3.4408384726350323,2
3.7421847477524777,2
0.0,1
0.6118138266303268,1
4.783298969720649,2
3.0394877369709654,2
0.998611334436494,1
0.0,1
3.0716712280451737,2
1.308513852465731,4
22.701271323257323,2
22.035554260691217,2
20.277591995758506,2
21.79810577607778,2
20.438146328482336,2
19.340773141472987,2
18.110709626382448,2
17.20848813189659,2
16.900220428372727,2
14.778191666034369,2
15.196956952662447,2
12.515408207811044,2
12.185278655538347,2
11.705608759973078,2
10.920237366628378,2
7.19602921530667,2
8.90537346084171,2
8.514053723117119,2
5.3601002979012335,2
4.284318178860435,2
3.768485177720648,2
2.733046754056608,5
3.1843791863495268,2
2.6753669851774085,3
1.0754853655389056,4
2.230610348071807,5
4.9191520499940715,2
3.6414423007010215,2
2.4225636331998626,3
8.32074401241849,2
8.693186366518734,2
6.696162578357719,2
7.7971579478209545,2
4.519409279277325,2
3.936641981289307,2
3.268388515262205,2
2.5876111622291047,5
9.03941744248545,2
7.691779760268368,2
6.9808548250339015,2
5.643361584270805,2
6.88169589814213,2
4.518643168500132,2
1.0651409351172811,4
8.771863688782124,2
9.386806119878305,2
10.837534448191443,2
6.373854362119503,2
6.015378784045064,2
5.416646705966456,2
2.2136972288514563,3
20.90845913553909,2
20.19011712906643,2
20.0420244018826,2
17.67062443188365,2
17.320161513972163,2
16.596717427407356,2
15.617521029803793,2
14.12500107605006,2
12.317141596274435,2
12.278320459557676,2
11.246922820832717,2
9.42958956308287,2
9.827748765923687,2
7.034314331437157,2
6.193410476970283,2
6.0169968647705145,2
4.5068138202967605,2
3.0673682050356184,2
3.601249661217873,2
3.0771149029617244,2
0.2040503482309308,1
2.2496960114133504,5
9.588090499964368,2
8.030957939957041,2
7.317295864819834,2
7.432230697313181,2
6.0507493443104945,2
4.088258746984073,2
3.4328088966787584,2
2.7062229259809345,3
2.992306841748141,5
2.4457139204663463,3
1.804852432990868,4
2.4081887667996424,5
9.995806346467932,2
8.318988414481266,2
5.647892287223722,2
5.077712121416184,2
5.3103582031659435,2
5.253139588453963,2
3.4362094326777,2
1.933771247059048,4
11.766373673601338,2
8.927615809122935,2
7.377761169031,2
8.074218255883764,2
5.467838581413256,2
3.7874045108656818,2
5.0526345317834815,2
4.280229235714941,2
2.5757905045418177,3
2.538014961545424,5
3.031593571777523,2
3.575501900027435,2
2.089555739204429,3
3.161481291577485,2
1.1645087793058757,4
3.3085704300847865,2
2.5208443253869515,5
11.054575337649831,2
10.44601927113844,2
9.930653806038027,2
10.234844337813437,2
7.142359339770365,2
6.265626781188239,2
5.4077710697625,2
4.663123154434752,2
3.0128047418213635,2
1.4478935959684225,4
9.860480476744783,2
7.969478452549044,2
7.163522062818132,2
8.325955585711997,2
6.7076872337918365,2
5.045562730229292,2
5.09313950315766,2
2.1242544344611427,3
0.0,1
2.586025691532195,5
3.223083511869186,2
0.8405005820325159,1
1.0977005744332098,4
4.0436267465760585,2
3.3520658828216474,2
4.3850193637298815,2
1.5540612538702219,4
6.672535086541371,2
4.654249020177102,2
1.818269211041358,4
3.0843119468333327,2
2.9716671964226395,3
9.135768383430284,2
7.881795451544878,2
6.255760744550497,2
4.610648035155173,2
3.5482695874758194,2
3.235258276519677,2
1.932630650729039,4
16.439046344285615,2
15.12468679856338,2
14.666629516432213,2
13.82373655903818,2
11.190773994139557,2
12.061251720035353,2
10.204575834047224,2
9.787723616059402,2
8.674385026183874,2
5.691246499151209,2
5.297932662178637,2
4.612614458623455,2
2.7517315895898093,5
10.196842491518172,2
10.302139727115632,2
10.06850348330657,2
8.086923243983069,2
6.5166090819470295,2
4.123344544211262,2
4.045739243134024,2
0.25281767377501696,1
3.1863913908373167,2
3.744846449305542,2
2.0644878746306987,3
2.900552724215129,5
1.184950187717012,4
9.062057956169397,2
8.098777399193597,2
7.4457782703018225,2
5.821507473800085,2
5.0877180518074185,2
4.507076485825902,2
2.500289568373426,3
4.900091575495915,2
1.2309727150920913,4
4.003710919107816,2
6.229398024749362,2
3.678246801801858,2
2.6650852780686343,5
7.041438704620303,2
4.164379905435639,2
4.030448908157069,2
2.5940698339415365,3
4.2705815802254605,2
0.1888706245118632,1
1.911344212662508,4
6.095625605389979,2
3.726612449603123,2
2.22112491451036,5
9.267257225488498,2
5.4436431745755005,2
5.064619484544997,2
3.362123622741049,2
2.4276271588988303,3
6.910241655221772,2
6.8480461123185945,2
5.29068593523279,2
4.651717598392833,2
2.397122615381177,5
6.647277948412487,2
5.00192796494045,2
5.760816030799158,2
3.9054730280206953,2
3.3695363819002493,2
0.4035000530403512,1
2.549632452230478,3
2.8566066042826166,5
0.8708733778360167,1
3.4814228937599943,2
2.9954250613587248,3
2.4638775109184743,5
3.9136919956960954,2
3.1960621081174296,2
0.8382862802988352,1
1.257808355391493,4
11.054111848120975,2
9.491431872057039,2
8.529489668917954,2
6.325331321221102,2
4.4253738704382615,2
5.588294451909848,2
1.9538637198328657,4
8.939641202708016,2
6.29980971170346,2
6.684626777464665,2
4.3971126361742,2
4.953110772413133,2
3.291114124719153,2
0.0,1
2.070458509390942,3
2.5623252072497804,5
1.110107544850186,4
8.406994282822158,2
9.190615528342114,2
6.793728617064638,2
6.4982667399390746,2
4.777866638605864,2
5.191547115135696,2
4.455273994871976,2
0.9069661072612378,1
3.298754556128708,2
1.0550744955889828,4
9.473555483895836,2
9.88058499227807,2
8.155896858161023,2
7.607251965866578,2
7.344448700440648,2
5.1649745756401035,2
5.289775505908606,2
3.4004685747796577,2
2.637458342777585,3
11.994723567220507,2
7.366366842209627,2
9.088198948064008,2
7.658668604694668,2
6.450751777664706,2
4.2215306532353765,2
4.8811439745296035,2
2.763103395710289,5
7.151809031918278,2
3.5989717727865767,2
4.02580581145577,2
2.0073807866330755,3
1.6741897301741018,4
5.4509230707192255,2
3.6022960386841207,2
4.829423244671603,2
2.1980978420320487,5
3.7908827849901128,2
3.7021179470594263,2
2.028828985867106,3
4.5078067276516816,2
4.644499763822097,2
3.221554824391911,2
1.829001581753664,4
21.81058709538745,2
19.922645546944693,2
18.414762906287933,2
16.789429156777143,2
15.966444492436288,2
16.93351734714881,2
15.078099142233837,2
14.751278844773955,2
12.055894622770063,2
12.606863625771153,2
10.962680387448888,2
8.596964541188122,2
9.330699490196672,2
7.930306970258646,2
6.6337034236092505,2
6.294869180962978,2
2.651028928690529,5
10.815717334853193,2
9.458828023994425,2
8.07642890015348,2
6.973274498885955,2
5.843460099512559,2
6.164062512422935,2
5.0246796859717655,2
1.976729294867535,4
9.831671026483109,2
10.59829981631618,2
10.004057038256805,2
9.094571743642284,2
8.741599504433362,2
6.846551719188013,2
5.246702282132656,2
3.9042822131698256,2
1.8207327463738097,4
11.272536302512849,2
9.523902298911237,2
8.97514459978591,2
8.084774172110446,2
6.840149982238128,2
6.091744655802311,2
5.843799126211697,2
3.3224440910910684,2
4.728198141508323,2
1.5466421504038292,4
11.658279362907946,2
10.466309385964019,2
10.316473168602512,2
6.6876369175113,2
9.381380792542654,2
5.444182127697327,2
6.167197776332323,2
3.8190184781824903,2
5.615671115556453,2
3.1989356446892225,2
1.1650549993321504,4
11.729522959721356,2
10.864180330689797,2
12.76981661183331,2
7.972580017672168,2
8.918604234272035,2
8.798395709455885,2
3.9907572973724177,2
5.418133486854564,2
3.122014694743071,2
5.025009243316593,2
0.5680721657017069,1
2.195918416583956,3
2.016663953923254,5
2.2828013431415153,3
2.588559556759193,5
2.634286099665621,3
2.1522735050424853,5
3.9491953505493145,2
1.97752325488141,4
11.055268008463072,2
11.679364774719575,2
10.873583077026415,2
9.484676846096663,2
8.27467137945463,2
5.9949156648897395,2
6.150883428474529,2
4.792243370967499,2
5.537671332667368,2
4.4052448323483615,2
3.155637692636474,2
3.7200874752476416,2
0.0,1
0.4781068953583034,1
2.8729167118819667,3
5.764285497217967,2
6.2330536600264725,2
4.35712428528793,2
5.079410869129908,2
2.513196744457224,5
3.9539213438817993,2
3.94221088640386,2
0.6136194205151526,1
3.4973719788251145,2
3.1837421536569734,2
1.6146273711632708,4
6.680375450867122,2
7.025405029658343,2
5.758984368393151,2
3.275552716810131,2
2.990293928097292,3
8.295719248804883,2
9.350823124567269,2
7.830714684094397,2
7.841798273251773,2
4.944217858517388,2
4.4111904328805736,2
0.5494545456961264,1
3.932061571451545,2
2.957202292862581,5
2.9787403270631563,3
2.3397787956443024,5
3.3479304476445986,2
0.7512159438771377,1
2.7970255442433767,3
3.0012039871300917,2
2.507234422201884,5
6.8448545545468455,2
5.528272383090752,2
7.451697825778817,2
5.985944249824104,2
5.465916962892694,2
4.5357044749262,2
2.718276776427722,3
2.8369761878240256,5
3.4847775603721436,2
2.804687128384739,3
1.821842955796299,4
0.0,1
2.8181564161054444,5
9.267860672595342,2
8.638192023586951,2
8.146968660210794,2
7.023593223820095,2
7.361311663036322,2
4.524815249124032,2
5.271710044824075,2
2.5888410674662423,3
22.27681493543153,2
21.6760822548626,2
19.429182197616253,2
20.824413355601173,2
18.713983491804296,2
15.139187495832369,2
15.70814472940686,2
15.372085546453855,2
15.562678650280777,2
11.104732266737681,2
11.798824036568515,2
11.012758437387578,2
11.46307827484147,2
8.089269934459791,2
7.492682555222638,2
7.269857122020653,2
5.264490992850102,2
4.4803752513655235,2
4.100473314728607,2
3.1159931242005023,2
2.6246483049527263,5
9.583134271665369,2
7.556556644985457,2
6.844766168940321,2
6.1682602947614695,2
7.420365896867738,2
5.75660811275336,2
2.4637853018599003,3
9.9084867314589,2
7.316959434908023,2
6.668558253282518,2
8.33963408398094,2
4.638555937324629,2
5.1352302690355165,2
3.1127201098708848,2
3.0249243472587657,2
0.7259603971348058,1
0.9778754535592316,1
1.8980004309870393,4
9.381837654507347,2
7.239079549761686,2
5.850880260372887,2
4.313468904383732,2
4.24085952632142,2
2.3972542274226267,5
7.659855306244505,2
5.804603406060755,2
6.193718779361482,2
5.285185132713495,2
3.06713522986243,2
1.7566493259871063,4
11.04571442916219,2
8.18385869420933,2
10.502093043375679,2
6.202961394377726,2
5.538869956711781,2
5.778458888539145,2
4.798312307514167,2
3.5673506492507707,2
2.181384538928038,3
2.1426549005187825,5
2.603999555779976,3
1.3713619641107642,4
3.6949471723834484,2
0.9212310783813352,1
2.2162169938548635,5
8.789838453246045,2
8.640673773847569,2
8.545864492570683,2
5.784837213778165,2
6.809111902764287,2
6.4643064081003185,2
4.425701504446233,2
3.625374298004872,2
3.3165967810873123,2
0.1733429623218452,1
1.8238506521026676,4
10.6232511568223,2
9.357805871344407,2
6.866683929022725,2
5.495426832984934,2
7.562426693512541,2
3.5327542245714683,2
3.6818265035360063,2
2.6920123910444813,3
1.9361570212543404,4
2.9301524335966604,5
9.989139237910862,2
8.916650907804515,2
7.757329055951955,2
6.040826046174451,2
4.335400315087092,2
4.984065925887436,2
2.5963861404078266,3
2.9796324405905024,5
2.4778214213360066,3
2.2773121430305285,5
1.6300232860708503,4
7.647345504388257,2
6.7578768805319545,2
7.986625493842863,2
4.631293046212832,2
3.5435101021278164,2
3.3660526262620705,2
2.4679540376772717,3
0.9735958693355308,1
1.4697738974913617,4
2.3906643359049515,5
12.570199947979562,2
7.960942442394719,2
6.523093686118987,2
6.69450980968588,2
7.665030502177542,2
6.488778283626732,2
3.954016570850978,2
2.637099409230356,3
10.60289536828077,2
8.476095493590654,2
5.8678946042252775,2
5.556303178875782,2
5.152705185244707,2
5.065979059109682,2
4.000376082802673,2
3.3334425447907154,2
0.0,1
0.0,1
1.6642640538148885,4
10.758228221842382,2
11.105541259328149,2
10.69275686735672,2
8.847171374930337,2
6.9569020519421585,2
6.613396629221584,2
4.089512186494741,2
6.231961322847644,2
1.4006740016523491,4
12.025657430645369,2
10.300737495785627,2
8.63628830525526,2
8.989312372683973,2
7.331204041213276,2
6.823178857140612,2
4.848505893760275,2
2.773241413088842,5
8.713878924358838,2
9.063500737603206,2
3.259872439585004,2
4.9079074907534155,2
4.322546006613603,2
1.6056406930966198,4
5.373045784285735,2
5.591157167610962,2
4.619510578803116,2
4.416479237125866,2
1.6035957638725284,4
8.316713737754595,2
5.358519516749719,2
6.0588551272675355,2
5.071783687896018,2
2.9755451859519444,3
0.7805888585044098,1
1.0349028715145379,4
9.802586500475796,2
5.788711679985283,2
3.67337261751856,2
2.9075077574775534,5
2.2736661812628016,3
3.693911664238332,2
3.1623133943604755,2
0.9108592630504622,1
4.21529609378371,2
3.610366362794736,2
1.6170209012321757,4
10.017912355039334,2
6.562877055002836,2
9.259850314942057,2
7.3733115064923425,2
4.373486987745292,2
4.198038026297128,2
2.17532403663849,5
15.020378599925033,2
13.519895834937515,2
13.605446040798485,2
10.80400933414974,2
10.461482312060829,2
10.996935786520252,2
9.693009852946288,2
8.16951818209944,2
6.831178684263393,2
4.297919856722242,2
5.514538903075759,2
2.9240142713083106,3
13.889624374787466,2
14.683537213259205,2
10.691769982956439,2
11.650305501442995,2
10.407047782813596,2
9.511636991834068,2
7.9961578231914965,2
6.6410317851531175,2
6.756677237197128,2
4.907333529866065,2
4.253688487743101,2
2.298189255830879,5
17.809608383405983,2
17.684424745047522,2
14.93026071449964,2
13.85400512848355,2
15.82479046301785,2
11.84384791658604,2
11.028031105658645,2
10.869965887767403,2
10.356208745586178,2
7.29134609595705,2
8.789392427613176,2
7.275863162480356,2
6.133852047933655,2
4.356186253710866,2
2.5983335222071187,3
21.055219368642298,2
21.722714020544554,2
21.40632230415171,2
18.840136534731684,2
19.316739830240433,2
17.031927880584732,2
15.161609926386795,2
14.092598416793287,2
14.841107012892374,2
13.20509899970897,2
12.577766803781822,2
10.827472508825442,2
10.707677092188963,2
9.81093971610357,2
8.894817355007293,2
6.642987082051532,2
7.9656659834221255,2
4.447031121745099,2
5.011576949234119,2
3.5380423897482385,2
3.509394031459736,2
0.3740382147773176,1
0.7689397352221761,1
3.3676529346965203,2
0.0,1
2.92425688485298,5
1.6178612410851525,4
20.36051023515135,2
20.606616069309283,2
18.60478588764737,2
17.725778687377538,2
19.308991380472285,2
15.077896405497404,2
15.039806630260674,2
12.641306344132328,2
12.469827012834447,2
10.742245980896511,2
11.882667434280037,2
11.069751360699275,2
9.401502573412257,2
7.246261462938228,2
7.184308516887836,2
5.418025806958016,2
6.699778066721004,2
1.889305056338244,4
18.201137658701594,2
16.565628503951107,2
16.655253013419287,2
13.938265228115625,2
14.633466551151686,2
12.792945263746338,2
13.097892135376297,2
13.115848437342686,2
10.523467488964636,2
8.605172698546841,2
9.286399417498533,2
5.8256857155757045,2
6.220321635839803,2
3.7510435618842193,2
3.680545056504652,2
4.802053433468767,2
0.9946204694363484,1
4.3982900421947315,2
1.3157150007824052,4
22.300175495289135,2
18.795233625732152,2
17.98766485832875,2
18.02730297156652,2
16.7474458789694,2
13.688044680534508,2
13.556489313156517,2
12.804386056828385,2
10.21298874190424,2
9.587480045556534,2
9.149127699558713,2
7.869859265112383,2
11.421912803324167,2
7.346983050452219,2
4.727254195153339,2
5.855246058401469,2
4.926306792013089,2
3.9707544703228934,2
1.017926119785527,4
19.524626836158486,2
18.77570982121254,2
15.675222874725245,2
16.14083863720812,2
14.5429320861494,2
14.732380386620704,2
12.682109888931182,2
13.946044183872273,2
13.529490708899715,2
11.623312109434053,2
8.517648979531295,2
8.990239422827695,2
8.346734609342239,2
7.4065869986931325,2
5.854709382858157,2
5.1753514977886885,2
5.260962920244506,2
3.662763968586096,2
0.097952818171831,1
2.8605917890625023,3
6.673937782379142,2
3.402504758901269,2
3.288451451573824,2
3.095023681023936,2
2.474187085782774,5
2.222107175676206,3
1.9642247078870492,4
13.372665042006266,2
11.618156236729606,2
10.124619769199619,2
8.641331106455754,2
9.015490975655801,2
9.104569904087244,2
6.97142122001245,2
5.955892091437954,2
6.258472767746117,2
4.130408329339029,2
3.2594924504242098,2
1.4929090485948426,4
12.275997347335265,2
13.360895282335001,2
11.144630510924602,2
10.51427870109086,2
8.218540403254242,2
7.857178516187087,2
5.761369090776937,2
5.769496421890572,2
6.132840667015223,2
3.869259574565153,2
2.4911764991078176,5
1.0544478788028293,4
2.5665912535412123,3
13.275513326033176,2
10.862697994069588,2
9.584439360746543,2
10.58858498465484,2
9.349564598157002,2
7.7002142632096575,2
3.9205953909096896,2
2.9195848210665027,5
9.32873910427541,2
8.891180090391726,2
7.425076107536553,2
5.414458069616512,2
3.815471543579427,2
3.56754329673016,2
2.0947247996020204,3
8.10118424519848,2
9.093166373846573,2
5.386621312976985,2
4.5601178586643245,2
4.0648120166590616,2
3.2678512608714376,2
3.0477057682834263,2
2.637217027710901,5
5.533567578781606,2
5.522564311516957,2
2.6949376955967947,3
3.590103380422832,2
2.609466689613108,5
3.939337020186886,2
0.9804921794078828,1
