1.3294236885508368,4
1.1992771429787874,4
1.7566451050331717,4
1.4777065235035782,4
3.1126270959539037,2
0.0,1
1.8369412326749184,4
3.1766569797238398,2
0.7299533758495917,1
2.2298035808941497,5
3.5826743243675367,2
0.3447451813780671,1
3.589185710071224,2
0.4101263481230229,1
4.488296427002217,2
0.5843088188485308,1
2.3373028026682485,3
2.7031057329708097,5
2.9477272005150805,3
2.7676880086545532,5
2.9663998270663448,3
2.0073526340505112,5
3.5467284195310835,2
1.2234729804484143,4
9.279158768298213,2
9.341315299608576,2
10.19100004183784,2
5.535718546590951,2
5.526748082287729,2
5.841104765959907,2
4.945350102010283,2
3.710336146270669,2
0.8936679746965133,1
2.9420288695730066,3
1.4644426208608123,4
10.424404489258226,2
9.930094096609627,2
10.10864263445817,2
8.380888951465124,2
9.323762475267438,2
7.167589683400713,2
7.294867071351186,2
4.809627728249354,2
3.7167058730002274,2
3.8888808741310315,2
2.2524087531044743,5
3.652734567252744,2
2.6149884782197885,3
1.8046620936703228,4
11.224509361865561,2
10.242916028374914,2
11.244315165105329,2
9.145979095013418,2
7.613990761881824,2
6.954589325442528,2
6.7269213785855175,2
5.2350048270920935,2
5.09294037192451,2
3.7773863269322288,2
2.3981761053224377,5
5.849227779582177,2
3.1658793299978365,2
0.8786452867621473,1
2.0017605108224235,3
0.7729291079745771,1
1.6884160587434724,4
11.267877795793947,2
9.785424257189556,2
8.362445818633997,2
8.921103231238696,2
5.2953444925414885,2
4.561719850215711,2
4.861351206204304,2
5.449206220132767,2
3.055590027481104,2
1.6015573778299768,4
13.0263161163601,2
10.989847388488576,2
9.227309255115395,2
8.083904024741617,2
7.473669359622741,2
5.2695363588251505,2
6.456285159479508,2
5.0426635778763185,2
3.3326439928414557,2
2.6309659137162558,5
12.858798588795418,2
13.148304677252836,2
10.670000157134249,2
10.405551988796109,2
9.569581114626493,2
8.845670845738185,2
8.700997309899238,2
5.1809451192839076,2
4.208283533377394,2
2.471904491726299,3
1.9373319567655043,4
2.9489683976529992,5
17.37752709958954,2
17.283701156818378,2
16.022870570869454,2
16.271136310183856,2
14.968015222534035,2
13.095775256635845,2
11.62827321237868,2
10.792945629037288,2
10.319741706509873,2
8.397784645620337,2
7.247106946404991,2
6.6498176401772255,2
5.192373628085519,2
5.127022075252419,2
2.1750365115036527,3
3.932984422409002,2
2.6856728026557994,5
0.0,1
1.3116097416547732,4
18.434935519116763,2
16.283584086975214,2
14.988715106721365,2
14.049587447566957,2
11.995005537101084,2
13.930566671406718,2
11.665126593397671,2
11.228615543663663,2
7.618131277255605,2
7.357707332904736,2
7.7666691165838895,2
5.625878124001993,2
4.726555845903762,2
4.427500529893455,2
4.483277022998696,2
1.4745268201830024,4
17.205269495809425,2
12.995766456818693,2
14.091899045909765,2
15.201754275275965,2
13.053113921957063,2
12.904478325694166,2
10.934696521182016,2
11.165802381256805,2
10.403747450270282,2
7.15589472565708,2
5.8832893731207285,2
6.276699206601901,2
4.131772866123973,2
3.0781837999973285,2
3.076311207112444,2
0.8210082953653086,1
4.633238615857536,2
2.1768221065776574,3
1.3775852718027972,4
2.6598161668549136,5
17.279166516221448,2
14.662640296146744,2
15.887051708337946,2
12.360036732372015,2
12.08729369779965,2
11.924732990822726,2
9.996804682055236,2
10.537948098850055,2
9.475323277715363,2
6.8625244865394555,2
6.9366366655065,2
6.725974127609214,2
7.597003615727309,2
4.566749528767544,2
3.4802142688275888,2
1.5478605293060588,4
19.609719397724852,2
16.029290300101312,2
14.106154164421143,2
12.957786711309748,2
14.019487533725881,2
13.051774832526696,2
11.027584435345053,2
10.285350047741801,2
8.365389283933872,2
7.086135721961645,2
5.6025415505675,2
4.837933156567738,2
5.3287572131283865,2
3.692622426643005,2
3.66535427858608,2
2.1386383871430987,3
0.1528233190023307,1
2.289863702282919,5
4.449773565359217,2
4.338213237789952,2
2.4740924090815097,3
0.0,1
1.79132816039701,4
1.2762974504195346,4
2.2784023195301817,5
4.776322652120291,2
2.1054654849763863,3
9.648409514558963,2
10.384607296413703,2
8.050371484923705,2
6.310856486147008,2
6.561402786589638,2
6.681506705831254,2
5.427919143337503,2
2.7075616788081733,5
1.7160835694474756,4
10.120033378776844,2
8.412825265774773,2
7.84022412980404,2
6.352791373044424,2
5.040197499086681,2
4.522899255777565,2
3.157083699435044,2
2.311437706202703,3
8.058336390654631,2
9.041408023013798,2
9.334059477910964,2
6.920452789378376,2
6.496422387526701,2
5.831379689188362,2
3.766488151691192,2
2.161669769277855,5
1.530173859759009,4
9.620978704118514,2
9.51657073588442,2
8.002444994993608,2
6.198414770470417,2
4.733825536927343,2
3.769918918690594,2
0.9850202327013228,1
4.156037271369087,2
2.6026608387584664,3
4.303549893674432,2
1.721573516447605,4
2.9632041097431907,5
18.979819075490227,2
17.319874159511517,2
16.547186661007668,2
16.480396586433734,2
14.947649366234966,2
14.34900250853264,2
13.57911272976407,2
12.510252857355539,2
10.35856823317274,2
9.805633708587324,2
6.917914897160553,2
7.1446515002615545,2
7.84077669841215,2
7.251920856543914,2
4.336126803807543,2
5.3669034526036485,2
4.172971443098127,2
2.5843391272027323,3
3.4508681154439964,2
1.264612001840133,4
3.8583869718034913,2
3.9132815966500467,2
0.0,1
1.2927810528838397,4
1.265587100778998,4
0.8131453503980648,1
1.8900943210590104,4
1.7837856625984196,4
2.5091413392065114,5
7.951727927876745,2
6.855369346623148,2
5.509621638427258,2
3.801978434382432,2
3.1424307222172168,2
2.023968819079613,3
1.9969051760155672,4
1.5468915248389965,4
1.817627478161567,4
3.133806301096012,2
2.483045926030089,5
17.918372366520096,2
16.996441296380777,2
15.122426155503335,2
16.811253757876074,2
13.468522518241153,2
13.320838646721368,2
11.149397489725704,2
12.754914316018331,2
10.460229239776751,2
7.673953213583242,2
9.130533204093668,2
6.566470035566287,2
6.114168999684678,2
4.572415581573933,2
4.289570019038949,2
3.398647501773709,2
3.2615503229048617,2
0.9246697213526238,1
2.3811186201746315,3
2.0922044443824523,5
3.0152841737682463,2
0.7888161893027279,1
4.038743115943902,2
2.0396984295535554,3
1.0856259664529555,4
4.531810980766576,2
3.0476807519869467,2
0.9342817943804668,1
3.01659473640615,2
0.9544623571749684,1
2.386855719280504,5
19.66220854658111,2
19.88688430141345,2
17.891590201545892,2
18.53299875204637,2
15.47678728816527,2
14.658366514784474,2
14.584507154110836,2
13.06435547202778,2
12.628807833628516,2
10.493315469912682,2
11.073347031285868,2
9.74985059844544,2
9.62869021522133,2
5.936886315807878,2
5.80743116762334,2
2.5641967853833787,3
3.625948345122513,2
0.45182690272464393,1
5.043912730922266,2
3.2981694951248928,2
0.0,1
0.5823099705393968,1
3.4898881076649944,2
2.5540336054071267,5
16.089730900978658,2
18.36909828357171,2
13.466219241550606,2
11.720458859113537,2
13.70677664530684,2
12.039009026454144,2
11.183676989883509,2
9.771213071237423,2
8.971037961268262,2
8.890353697184226,2
7.774617695472727,2
5.926124031095481,2
4.937476211517747,2
3.394795425280668,2
3.4626563834215007,2
1.098469739058059,4
18.36899898945875,2
19.966018613658747,2
18.845147580660093,2
15.605633086696189,2
17.65933448953513,2
14.891154152937276,2
14.746009144152335,2
12.387395983675507,2
11.101254600376203,2
9.235610618407726,2
11.064537791958434,2
8.090281621609178,2
7.68289830583807,2
6.0686834857363205,2
7.998086062727651,2
4.940222044676124,2
4.431966109833375,2
2.6934998354193094,3
2.9676310516997457,5
4.245678474323712,2
1.927451879962295,4
19.87192356353469,2
20.85973399482311,2
17.917479650271407,2
15.783424143604552,2
16.988585607197937,2
14.237273777480592,2
13.724118412540646,2
10.790056530848831,2
9.201159828326679,2
10.9640546276734,2
10.312730607410424,2
10.35338675891424,2
7.763268479590732,2
5.724236574628231,2
6.684004979598727,2
4.4007966958393165,2
3.8496115758745377,2
3.2653305986186543,2
3.430748020589484,2
2.694624591452362,3
8.325290190379835,2
7.222672750061532,2
7.130947594182988,2
3.5661549183577472,2
3.4031102225957377,2
3.4672528324330005,2
2.9839523932607936,5
0.0,1
0.28818173667310365,1
4.3615081889494025,2
2.7312097486874847,3
2.483282101166989,5
1.6556189585595489,4
10.410260377924068,2
6.5353206740146685,2
6.4686375413975465,2
4.54532249387464,2
5.437665664606931,2
4.236856171039261,2
2.9411828725709586,3
7.095298873029307,2
7.6095554180152725,2
6.398142604245389,2
7.163742836521545,2
4.863511045387635,2
5.6823628310280005,2
4.114529438489265,2
1.4922022024755581,4
14.054989389983454,2
10.694800268315523,2
8.309812937059025,2
8.015892883691533,2
6.1634212157608355,2
5.547118384890803,2
5.368310931932177,2
4.086602377369209,2
3.865680081521285,2
3.749658222135121,2
2.6466922849566235,5
3.8000141357690116,2
4.274000865912907,2
2.28989437675228,3
15.062382183707344,2
15.678558286694761,2
15.727501701564247,2
13.313822818448095,2
11.90622465801567,2
10.610178725277681,2
10.932453397808315,2
8.876921369825308,2
8.349821625824017,2
5.950949764552053,2
8.767008647957038,2
4.374722444017568,2
1.7739020075994554,4
16.01524266953832,2
15.141844975257369,2
14.116365752701025,2
13.737285554689702,2
12.269696059366069,2
11.344375798650955,2
11.191914690507783,2
11.053466422780714,2
8.304657279828094,2
8.5866755135463,2
6.4457824544745295,2
4.353926651164884,2
5.069416708806275,2
2.0218208174529844,5
6.026087646520067,2
4.8871231664210395,2
4.245557614278509,2
3.4754153242608568,2
1.5392687845792457,4
10.47138355069806,2
10.05938398050356,2
7.744041982685808,2
7.766263374718026,2
6.3099053328056325,2
5.468470982040863,2
3.4485496445160297,2
3.1278993816342537,2
2.26823300017387,3
0.8128955233032489,1
3.031713525200416,2
2.1905397986072956,5
2.996086843843856,3
0.0,1
2.137166766870985,5
1.7722702010146951,4
9.496969578359616,2
8.371242414859267,2
7.853482029771872,2
6.1142683956068495,2
4.8786825155973474,2
3.4575847708040617,2
4.189765422641939,2
2.954299740748941,3
10.335762455286133,2
9.79327592682217,2
8.24610256342468,2
8.538763181804871,2
6.347816444920852,2
4.538797181784863,2
4.5349835915493655,2
3.054380979324268,2
2.3356712757355886,5
4.076306317709644,2
2.05689559436661,3
3.2067981040541182,2
1.8810556753971963,4
4.9853899414676786,2
3.1966387715933573,2
2.3186849961868266,5
9.867649423285703,2
8.375393780582307,2
7.671133966307745,2
6.397889906932606,2
6.015130282617884,2
5.519715376552094,2
2.7732892164586054,3
4.551792978329695,2
1.9816388014281856,4
3.949505463968385,2
3.29388215909584,2
2.616653965923,5
7.4755204425573085,2
6.212543802541911,2
5.864327909006589,2
3.144016112213681,2
3.6188355372359418,2
4.658915395085469,2
2.1705001792389234,3
1.6046230333893157,4
4.618224166340824,2
1.0832556584089177,4
2.7595713143303477,5
11.946041266685825,2
11.375996111504119,2
10.41550846147811,2
9.144100633862482,2
7.360956536081972,2
6.111799150574112,2
5.480443620441022,2
4.67058288038357,2
4.717071680766685,2
1.011604122902913,4
16.87606016347357,2
18.88402734701115,2
17.70092273960507,2
16.586218057275687,2
14.727653239646585,2
13.039527362740653,2
13.486515900858748,2
13.081102980059205,2
10.887765394522164,2
9.88273511667074,2
6.870676665313066,2
9.192741830058793,2
5.5828561182405,2
5.390197283108255,2
5.264308946102075,2
4.138217916014646,2
2.625505613667935,3
1.2558998186928874,4
3.2598187843338358,2
2.373699873078705,5
9.77632848733283,2
7.90707015453026,2
6.958405047049196,2
7.3587714220655975,2
4.897155320572333,2
5.110868698807215,2
3.6268657934534847,2
1.8417810918531083,4
11.279886564093287,2
9.783731886347868,2
7.534558695317985,2
7.627361042324027,2
4.776753676462503,2
4.571882063235003,2
3.641974879764125,2
3.5479084400449517,2
1.276672463335799,4
8.495920272279799,2
9.318421735371091,2
8.80299245824347,2
5.852330941327617,2
5.644658187484911,2
5.739641320129678,2
4.2042275264427085,2
2.1759935544781563,3
1.1452265859661317,4
12.052088963268993,2
10.292635572371232,2
8.168104197305642,2
9.733975434656612,2
7.354502655990438,2
8.584411269439613,2
6.007345229166063,2
5.01814428055308,2
2.5192610321897937,5
8.188984046777371,2
8.610813152758164,2
6.302866059316293,2
6.279837164727982,2
4.289510662557741,2
4.388456931703585,2
0.913917344816162,1
2.386197665300388,3
2.9714837336687014,5
5.842392118799071,2
3.0281771051995205,2
0.5943869444984271,1
3.792599027327411,2
2.0184366949445,3
2.9413013909022987,5
3.4988452096620755,2
1.2928162615209804,4
9.065073725370434,2
8.310325913910546,2
8.484941317589463,2
6.81182722443795,2
7.069082261610345,2
5.481027676597036,2
4.854820735019358,2
2.3284741140845715,3
9.562973836187924,2
8.488894878430079,2
9.320520847896839,2
7.06519032665795,2
4.706548331243148,2
3.3338298943426627,2
2.853019850794155,5
14.382098687747725,2
11.301820681214078,2
12.46460192111462,2
10.703355097825304,2
8.804284507780382,2
10.003582145249599,2
7.209130434630983,2
6.301021437563278,2
5.858865929734633,2
5.2019987396277685,2
2.7038799094161186,3
5.195137123192504,2
4.4044978586711725,2
2.4154786941015916,5
13.973596890208476,2
13.487761990027487,2
14.459715005755642,2
11.37924166114551,2
9.828520735832068,2
10.530646712903426,2
7.886990280535097,2
7.787915126139692,2
6.5222280688490315,2
5.802724850480407,2
4.086330375614944,2
3.293096616114752,2
0.9981144245151808,1
4.17290790391434,2
3.0835922121712853,2
2.3105532136989932,3
2.4020157830596456,5
2.661579507445101,3
1.753194263619024,4
17.596079332738285,2
14.0423640298301,2
12.427561856991735,2
10.999150516710674,2
10.125818943502557,2
10.814467646072442,2
10.327171271340996,2
5.908742278635744,2
6.114269287259298,2
7.0804692184339535,2
4.994060560960749,2
3.5210966033320887,2
4.114174821494194,2
3.8075926581146895,2
1.2128953540350806,4
15.585112113390545,2
15.559057342088327,2
13.974855181763727,2
11.480980296973936,2
13.042668456428132,2
12.821593989660931,2
9.534555770617112,2
10.326318771241938,2
8.674410957627336,2
7.833339161150253,2
6.640950641443764,2
4.5243658797750514,2
2.131004746758559,5
0.6219659256213852,1
1.7242178816052207,4
7.853834335038352,2
7.038479426540848,2
5.294662975376558,2
6.200706247722287,2
5.195292772731334,2
3.1382639928289637,2
1.2390168297442674,4
7.053985413967687,2
6.075760673193687,2
6.028988188156817,2
5.031006359182989,2
3.856205260629984,2
1.545481162372155,4
5.449773714565259,2
7.196061149423668,2
5.499945873801606,2
2.925747073155824,3
10.904976970215351,2
6.8381029947035845,2
9.560183908657267,2
7.215133154360205,2
5.406967262327297,2
5.2348769596656135,2
3.5411236242707806,2
2.5679303379627014,5
11.171960861946136,2
10.702960755474617,2
8.11979180970387,2
10.199149748361553,2
9.036701852116293,2
5.509247929519991,2
5.438944766938599,2
5.2930772321938,2
6.003624536834398,2
2.8908054377857604,3
6.632640668197203,2
5.40553233744811,2
3.838689435546164,2
4.374921528980011,2
2.880875565585924,5
5.522692961106732,2
6.495596684755976,2
6.742112114734148,2
5.9316577483522455,2
3.8568134292224614,2
2.489258424960392,3
5.500371089624618,2
2.9293313972517523,5
2.981129683029254,3
2.391564724301188,5
3.7447517129229673,2
2.6560261043137667,3
8.35634653573755,2
8.898993713854592,2
9.756570577713402,2
6.9529817584341105,2
4.782407747388995,2
5.664067996418903,2
4.37550834781788,2
2.179625172523767,5
1.9050865820270757,4
14.292991177451027,2
13.667095733230234,2
13.540592942924173,2
14.193753528358224,2
11.508332855031785,2
9.528107107503649,2
8.776917034479858,2
8.244449917140436,2
7.621749609758234,2
7.0010471280288575,2
3.670035579524587,2
5.932045647058928,2
1.819579698766431,4
16.814795583379226,2
14.537004333239407,2
13.61679160537105,2
11.977987922154512,2
11.094373725633384,2
8.533645451279634,2
6.30461569880276,2
8.289379924192332,2
6.394688729993947,2
5.3603761379046935,2
4.622488066607208,2
3.9462253773452365,2
4.323433952359608,2
1.6651451123089993,4
14.992052708279367,2
14.514109018189357,2
13.62370535982857,2
12.949388174575553,2
12.862820233795789,2
13.334219936968164,2
9.879988745061967,2
9.08994135484242,2
7.362816708724479,2
7.852314559182398,2
6.0948355032472445,2
4.661228922854588,2
3.3268096967345007,2
2.9944740818986184,3
1.1636564872936557,4
11.449421969027455,2
12.096517607145678,2
8.354783114282121,2
10.064626688242276,2
7.703376298546155,2
6.264052463782441,2
4.760656307528741,2
2.9990666191079085,5
13.700836166410756,2
12.914642567924124,2
14.346432013309474,2
9.920212983957533,2
11.009873147279572,2
10.036266612817304,2
7.044112790853754,2
6.737257264458405,2
5.054979111805059,2
4.385898652878571,2
3.8633685416671337,2
2.6455872935950286,3
1.1434205243407458,4
4.023966950018879,2
3.4101296403203505,2
0.8755852500151522,1
2.266312382558774,5
8.063377591525894,2
5.842546929375713,2
5.974878388362081,2
2.621383630207505,3
22.510970516796625,2
21.69889032795083,2
21.851986144922734,2
21.707907324102468,2
20.645751412538107,2
18.915541815766012,2
18.221585798419195,2
16.253304506813432,2
14.045089145091314,2
15.079095476920203,2
13.319817141550887,2
13.707688445396636,2
11.576147113493835,2
12.077025072308807,2
10.101381650433543,2
9.26975593831034,2
7.749041758235108,2
8.614917830795324,2
7.222779535879381,2
4.968502541567423,2
5.753645482442802,2
2.7550219736258077,5
3.670572553580044,2
1.99875752089202,4
9.325711142125552,2
8.707268303310972,2
6.621751385471815,2
5.4167251098190885,2
6.741653547967268,2
6.806346967433453,2
3.8003703349794953,2
2.7205950574430697,3
6.1539371847878,2
5.647004100603009,2
4.6556313977466495,2
1.3368581938325417,4
11.152188747384963,2
10.772602388841493,2
8.87443585613868,2
8.594706295563194,2
7.284178998210981,2
7.442954106091664,2
6.188870796728281,2
4.099298633746447,2
1.7589491317862838,4
10.954736394348192,2
10.35704613950154,2
8.552441736740906,2
8.9704972335318,2
8.159593278727849,2
5.731942160780385,2
4.2426369361135015,2
4.95820678336258,2
2.6168288601161254,5
8.245040679255322,2
8.549437378893366,2
7.2853040461345975,2
6.289731705816704,2
5.617447581381417,2
3.3870929293895395,2
2.5942051772953763,3
0.0,1
2.3726437462125163,5
3.856948842123872,2
2.272782345975457,3
1.854918013316473,4
9.369974878253617,2
8.751015551050132,2
8.168998830072411,2
8.286088986732045,2
5.724407928096392,2
4.2475321059508255,2
3.3758183007235294,2
2.873480630939583,5
19.118064552057465,2
17.275089245954163,2
17.548568194185158,2
16.2412005749154,2
16.362756237119697,2
14.542529257174792,2
14.024795031238794,2
11.444399853327456,2
11.493712717010474,2
11.575565374525947,2
9.143549813607327,2
8.859202563212927,2
8.523400919025292,2
6.846444848613412,2
5.965986472670883,2
4.951488719853144,2
5.184709204886866,2
2.550134674443117,3
2.8945999198696115,5
2.9603859166250794,3
2.748738142962985,5
2.7337958261355686,3
3.2325258542605315,2
0.0,1
1.848105614653976,4
1.3991797192512028,4
2.318371206684793,5
2.4101697094504813,3
2.5103311443980107,5
1.9320245407289856,4
17.8628314138204,2
18.440478502551986,2
15.496251935001268,2
15.4694872896101,2
13.968572841215902,2
14.283726253071336,2
12.641305818251116,2
10.316907028949734,2
12.142709665459194,2
10.042761946998358,2
10.146594961167835,2
9.691184639756106,2
8.380270767398388,2
6.986439139624566,2
5.751111109781827,2
3.79289142483542,2
2.6661047597823044,3
2.228900783707476,5
3.5374551842890254,2
2.8546029408089733,3
6.992820826350019,2
7.204331363741633,2
7.577121244971432,2
6.748369454554501,2
5.049352814211372,2
4.506360795233247,2
1.7986348962163456,4
8.874057274903475,2
6.393307271094196,2
6.239440043903136,2
6.15973781137984,2
6.6725321051889965,2
3.9124235128505145,2
4.048641049743029,2
2.281523828878964,5
11.014985934355963,2
8.254187721637024,2
6.254484153475834,2
4.553709230268499,2
7.094718356634389,2
4.765264387695668,2
3.861741243895496,2
4.123141815271337,2
2.1366777252680142,3
1.7680761809584455,4
2.8340616737976547,5
10.607243379460156,2
9.595653054546547,2
6.494015651927409,2
7.365908998124707,2
3.447356930836598,2
5.485422780684777,2
5.334211932669863,2
2.7385979724681118,3
1.644924220752182,4
1.5267668081239258,4
2.5043650648389617,5
5.144658421620909,2
2.8313144140341224,3
11.762037325371521,2
8.944671719678373,2
9.225873842380148,2
5.453791261701968,2
4.4960785470416615,2
4.582797107614437,2
4.618865722491332,2
2.525360319985644,5
3.5619949477021358,2
0.5449890698214972,1
2.9054651184912377,3
3.2658605120514035,2
1.4473138168773474,4
7.804458473471246,2
8.546257067597448,2
8.743519599383296,2
7.805548996427183,2
6.795301128816364,2
6.9726165115143655,2
1.556286281700792,4
7.855895528288259,2
7.4249274010263075,2
5.975255514013098,2
4.877634907389909,2
3.3658527287502222,2
4.308019292624513,2
3.914442925223129,2
1.8474501657542897,4
12.638683704909857,2
9.599080938066562,2
8.37872143146016,2
7.96458454305017,2
5.792307867313273,2
3.4995068879944218,2
5.686398038035601,2
3.339981264911688,2
2.246676845718939,5
19.75861002131867,2
19.46156172534509,2
18.033066015387746,2
17.499051242311655,2
17.49721466382879,2
13.218396532144856,2
15.141202178491454,2
13.919515173874693,2
11.221200345712367,2
10.934154836241396,2
8.983016358108687,2
8.745969515385259,2
7.115353874792922,2
7.75995303213609,2
6.423474212345594,2
4.290619529912636,2
4.800364279460403,2
3.2298862096869025,2
1.8427587704122528,4
20.286163010505906,2
17.97306593572688,2
18.146371914161676,2
17.47539980971219,2
16.583316016667702,2
15.303187994192447,2
15.07455881605185,2
11.98566981023891,2
12.084958555512573,2
10.691642735355172,2
11.053036535956506,2
8.763985233173361,2
8.943659338816285,2
8.407389822730511,2
5.606594571443983,2
4.75560469357834,2
3.6100148470186255,2
3.4687738219802937,2
2.7338319333914067,3
8.577371395143802,2
8.185291987486385,2
7.276594322603363,2
4.3921832214645535,2
4.759758540840078,2
4.744711659744426,2
4.906778949347045,2
0.937116600497341,1
2.469352798104522,5
2.937995618404932,3
3.4504817201850897,2
2.083751867137866,5
0.0,1
2.593642528024049,3
2.824744330402976,5
2.6770342819213186,3
2.207039121944561,5
2.4269890146424706,3
0.0,1
3.1228093691635737,2
0.39755327157128506,1
3.9003166216948264,2
1.518472015565825,4
4.051023564118422,2
4.636831107641911,2
1.8432397696730405,4
4.021500017641167,2
2.748833867606505,5
2.513105274518342,3
1.8400717315793882,4
5.076589639730345,2
1.96737490941326,4
5.791172906447453,2
5.3805856111780015,2
1.784784162662769,4
6.293118395435838,2
4.8218560576367535,2
1.7116711405124665,4
5.250093744606171,2
2.0802165143971507,5
3.3528791245097365,2
0.5292417408602641,1
5.6336345159644425,2
0.6211164496069741,1
3.2402531872984666,2
2.794222723899443,3
3.0283011453849067,2
2.3999591672883707,5
0.3142646427064337,1
2.2194000469425204,3
3.270142189222732,2
1.4551217632254927,4
7.10285012053358,2
5.031014189980659,2
3.782448915902467,2
2.3070583319603224,5
2.717508300483046,3
4.461788281878054,2
1.3805235315574182,4
4.320807750048721,2
2.3851012496412642,5
2.03923373361579,3
4.657625553770292,2
3.4316641228540394,2
2.2035074328752637,5
3.8246878946406793,2
1.897240882657132,4
8.367548051549972,2
8.164915084412298,2
4.83035368891438,2
6.875521466697847,2
4.168531127755093,2
2.8525076270331113,3
11.277067994410233,2
7.740187531955402,2
10.510699054900524,2
7.578201649320674,2
7.255434051574836,2
4.691088852443649,2
2.741954186005891,5
13.751303528902445,2
12.441077358373358,2
13.183344830008991,2
10.79150836949382,2
10.69520261598325,2
9.337688994946305,2
9.715741483006154,2
8.351782586471769,2
7.403611792441333,2
5.427663534888575,2
3.0736047977011984,2
1.9784462083083607,4
13.46992661205266,2
14.443167412021511,2
13.810177175573914,2
11.963196823747769,2
9.498889006983358,2
9.643804564553617,2
8.969273127335777,2
8.301195261322237,2
7.227437198030306,2
5.546384380125382,2
6.517991842485699,2
3.367882372647766,2
4.201393301064416,2
3.364713531595981,2
0.7815525756328011,1
1.6237644409977643,4
16.61551638483557,2
16.367183324489385,2
14.789736386486425,2
14.319447481235652,2
13.714676234849373,2
11.110063101976626,2
12.835868950185745,2
9.141322953990509,2
8.80048748916397,2
8.739859547105523,2
5.775258445515598,2
6.144834357128127,2
4.620535835140629,2
4.736667781907537,2
4.166167369401764,2
1.3049040972393589,4
17.211766486687644,2
16.73780420902983,2
16.675162391973576,2
14.632881395551268,2
12.604778083606222,2
11.494873160209984,2
10.54048923241866,2
9.895788274555645,2
8.380302933319182,2
8.61747123026441,2
4.616269967965751,2
6.0804473528536915,2
3.767615189065817,2
4.13529245758731,2
1.9389313337512044,4
15.996138831891901,2
15.126295425895648,2
14.789207886021025,2
12.468609340423026,2
12.930398511086636,2
10.399700868033873,2
9.380913949782501,2
8.759881063804631,2
8.136145902596066,2
6.462261320610312,2
5.585237578839092,2
4.777703795140834,2
4.111646474976477,2
4.037641819317177,2
1.1549011839631222,4
15.92120763706965,2
15.758417800016586,2
14.801013623310807,2
13.979930301322527,2
12.513462167248564,2
12.991029693338096,2
10.153264546890457,2
9.276041442207005,2
8.53114151982776,2
7.218827261813433,2
6.44482797463037,2
5.096979675924996,2
4.295429427859292,2
2.650038423917985,3
12.256437189798335,2
10.306421162188087,2
8.328053681611179,2
6.795894839108035,2
5.2225551211220935,2
3.7646765193869967,2
4.105576302392345,2
3.2250457227490132,2
1.1427125192820489,4
11.470529480216936,2
10.944423667311671,2
9.86962104223318,2
8.01724312351107,2
8.555627053187914,2
6.019131645990673,2
6.2314270229853,2
5.481793769298756,2
3.0246164360745413,2
3.1811078375174886,2
2.6697954348308426,5
5.462171176229032,2
4.38934155159637,2
4.1136335942610245,2
1.8822940209471437,4
9.462438157271444,2
6.4313054450805796,2
6.735178004988819,2
5.761181157688299,2
6.01951627672057,2
5.373534761494786,2
5.404950123435371,2
3.410120567071212,2
1.944092196269417,4
10.236503937412927,2
8.626819329982924,2
9.553891829082056,2
7.830620987925987,2
4.861064042308255,2
6.17834652746942,2
3.877333591015228,2
2.370230633143268,3
0.3135441874651843,1
3.502380324461944,2
3.202349154464037,2
0.8890283107493784,1
1.2656269015575643,4
12.249711058270572,2
11.975822822208775,2
10.766227871262267,2
9.178349334317627,2
5.889139223250508,2
7.085355611474742,2
6.9545754314091415,2
3.7775134241276658,2
3.235609426392004,2
2.4387677642473697,5
9.146884052844698,2
7.9594069571241155,2
6.890632947005002,2
6.128936545449943,2
5.372086616457233,2
5.114208079947428,2
2.6992776808636094,3
2.070087723724238,5
2.564320734972401,3
3.0241583318846024,2
2.701331492849945,5
2.8633855477035985,3
0.12086095445116185,1
0.8225881586846611,1
2.5084138615087697,5
1.610044756609478,4
8.454785309368239,2
4.835041132831173,2
6.8254691735988695,2
4.670862099706854,2
5.755177819219482,2
2.3736209844708007,3
9.782763625794926,2
7.821544808330836,2
8.238927104518407,2
6.362696618480612,2
5.724278962075112,2
5.441035734047084,2
1.4968247737489542,4
9.864698367580207,2
11.527393356384115,2
9.64454306764933,2
7.8701042298022355,2
6.573711240312546,2
6.388849380658928,2
7.266156091401267,2
1.3905622855650597,4
9.649444582794505,2
9.711561375407694,2
6.224194995414392,2
6.95154752351292,2
6.970470416445483,2
4.34012920903675,2
3.5834881616290635,2
4.8558471057471895,2
1.9747867620939952,4
12.420856387322244,2
9.413970451984532,2
9.849134148865554,2
9.10893614936367,2
7.2500509382436755,2
6.820663065662572,2
5.349512084148799,2
5.477456495166786,2
5.807815956428622,2
3.7249959267758217,2
3.4304627293322034,2
0.0,1
3.877570684518196,2
0.0,1
3.1663349599607447,2
1.8022686859939396,4
12.135298628338285,2
12.812581329145695,2
10.22205501549366,2
10.752089926845928,2
10.099089813847312,2
8.02692659647569,2
7.499414523816825,2
5.93620352453644,2
4.436235573467921,2
1.6006773018243288,4
10.892746176135523,2
9.375933046051996,2
8.564677939998916,2
8.021098639387871,2
7.028365116044986,2
4.4891387340788285,2
4.034772681623355,2
3.167924253411716,2
3.9582855181690983,2
1.6385305918637458,4
13.170532682621419,2
12.667232764906194,2
10.140655241886613,2
10.059667629818154,2
8.827127040522578,2
8.391168459720719,2
4.982196954435105,2
6.695700569721673,2
5.29428293510899,2
5.270811309077028,2
4.069706942406321,2
1.8675260597060233,4
12.107178921690686,2
11.100503318202806,2
9.275970803252473,2
9.982952404297698,2
8.021061771564273,2
7.0324471115956975,2
4.820850411647227,2
4.464343827786578,2
2.8056536800729446,5
8.2398187283056,2
5.241762226405927,2
4.643169003679528,2
5.38619761173058,2
3.1441941224975154,2
2.013959093093562,3
0.5862719607913751,1
1.5369495838973688,4
4.668885677863571,2
1.643484954476512,4
4.039732630270244,2
3.3898933927001536,2
3.5556476884491426,2
1.838116463665596,4
6.111837640744307,2
6.0209694759143675,2
5.305560457674475,2
3.5515713731822767,2
2.3993406509747137,5
3.0510908899740983,2
1.0904529631023887,4
3.265598286552636,2
3.2090840293884213,2
2.2355762544276083,3
6.3230487738947785,2
4.283660507773304,2
4.5112254227523305,2
2.692643835383088,5
0.874984686266391,1
3.2606970865524554,2
1.7198223243643038,4
8.565164746344253,2
9.122690102613069,2
8.907821014099254,2
7.033146162035695,2
5.061631029893767,2
4.331492913223666,2
2.4444981340660203,3
11.187724693581028,2
9.62702560376139,2
10.040383132561898,2
6.3189933367806965,2
6.970548868147758,2
5.959378734219707,2
3.3256629729519904,2
3.0285066552077518,2
2.3518699092818633,5
4.926501291868993,2
2.9518695133525403,3
1.6257177203494906,4
12.754921621049721,2
12.692955386474802,2
9.811508951015401,2
7.691078775712919,2
8.30682372532729,2
7.965622722307283,2
6.37718085595874,2
4.930139835002969,2
3.652868464136864,2
4.260119183016537,2
2.8903287140843013,5
6.72371215318411,2
4.6213265396879954,2
3.4313021104770667,2
1.544926378472131,4
6.720258100329229,2
6.5035585732425085,2
5.7006618884555005,2
3.80852921350106,2
2.5247494859723787,3
7.587147969630243,2
7.420176331705668,2
5.643735694025575,2
4.726609673148963,2
2.2601313536531795,5
7.662310806761745,2
7.0713130798414845,2
4.480637162155965,2
4.134462880571847,2
5.1634118253392165,2
2.2608880790313486,3
2.3256996786680344,5
1.0848043034816683,4
9.979021074886141,2
7.4157105738799824,2
6.548915695564669,2
5.710619245274009,2
4.730266904823346,2
4.9387050703257,2
2.7884171158152573,3
6.303509190901247,2
6.344077049653733,2
4.38473228667261,2
4.732299063450707,2
2.1096736057579117,5
3.94723013578606,2
3.9874599452114095,2
1.9543399443465852,4
7.269152676826353,2
4.162700733824513,2
5.212160872145558,2
4.6080250728299585,2
2.2450012304380818,3
1.703524195240801,4
14.952815509968927,2
13.38829190287398,2
11.54433276801054,2
11.854295249064027,2
9.406092525053557,2
9.618183731653943,2
6.958869874372987,2
6.597568422231553,2
7.879574642401672,2
5.604145854552728,2
4.545418233810083,2
1.7677315928460962,4
13.47658608469445,2
14.533101692360857,2
11.190852430967489,2
11.272000140257328,2
7.705284385599482,2
8.417721243811021,2
6.6527472489419495,2
5.453977437620883,2
3.7143697134721,2
4.9883946091039535,2
3.0222061402322886,2
0.4818265603649801,1
1.956179096669032,4
13.332980410974738,2
12.449519765838078,2
12.173435083666126,2
9.157381102323074,2
9.645682422816202,2
7.288501596557162,2
6.272012131267019,2
5.3555360597560755,2
6.413997386624898,2
4.757207516934013,2
2.7791334096887272,5
4.0524192405699715,2
2.612006520839671,3
3.4994198589358114,2
1.136787660816167,4
10.237581548091061,2
9.53826727972482,2
9.090138814693477,2
6.689329469121955,2
6.105438218895428,2
4.571062543063764,2
4.940508163302477,2
3.7121021066294615,2
1.6715185305994136,4
10.479188955750038,2
9.206993481758902,2
6.591987309496195,2
7.1487992099745865,2
6.240602329395782,2
3.2028436368933573,2
2.5780997204905107,5
5.478993718010342,2
5.56868186151674,2
4.6032043871804555,2
4.1540852869166125,2
3.2069133838599373,2
0.0,1
2.3139708337134315,3
6.427843174039833,2
5.624325924804932,2
3.697440469722265,2
4.338568110663015,2
3.9272851439596237,2
1.4802621097404836,4
19.28822950065462,2
19.13473644742711,2
17.423662614376624,2
16.547718009771796,2
16.793506279520958,2
14.575387202318339,2
13.571594197510176,2
13.299919296151344,2
11.685542121895615,2
12.265826551704874,2
7.8598980052853955,2
8.384771115760659,2
6.9837934343918775,2
6.7539735295455054,2
4.7778533509480265,2
4.4779869011925095,2
1.8953154079850316,4
17.687995129791588,2
16.541023118837746,2
14.712233953299284,2
12.051358900017574,2
12.546457339130654,2
10.922064370170617,2
10.79581051824208,2
10.658119958425651,2
8.854298766369148,2
8.543675051921648,2
6.715085992345445,2
5.945790279927696,2
4.831828476751445,2
3.262067850745096,2
3.418773660419608,2
0.8681614610072592,1
3.037193095244929,2
0.5228025792773645,1
2.3505545619827193,5
5.785836698514918,2
4.224615463852357,2
1.7136098361662901,4
6.034049187762848,2
3.4422274383119236,2
2.5279156290432794,3
18.00560828663428,2
16.991067068122852,2
16.85857234825435,2
14.753151527987757,2
12.3015316355511,2
11.122480840010505,2
10.185672029357923,2
9.816840295613034,2
8.426596411634957,2
10.643141365869997,2
5.633505996582849,2
5.5281721708784906,2
6.284705355927395,2
6.513261374128258,2
4.281641128882925,2
1.173919679555854,4
17.025497663252313,2
17.421820555782176,2
16.322440382553427,2
16.101896369002077,2
12.276031077177892,2
12.10511174664093,2
12.179176880761284,2
11.04438177843937,2
11.184725390883713,2
7.876268296660856,2
7.779454314224013,2
6.637122573065238,2
5.236993570507491,2
5.866851536305273,2
3.8284930003146327,2
1.8973541248553436,4
16.8364668520963,2
16.117508710653457,2
14.932662959723109,2
15.125717182362333,2
13.956780414660553,2
11.997544070889553,2
10.238470828540066,2
9.567787395316822,2
8.59920955455808,2
7.485439077162912,2
7.428334538031456,2
6.044220319008514,2
6.700554485063917,2
3.8121664622373412,2
2.8147218461019663,5
7.464738852037756,2
5.375069123975456,2
4.09358219480226,2
5.134719899365582,2
2.813081653430326,3
7.310730809294852,2
5.54933968229089,2
4.394688340410092,2
3.7694878597642463,2
1.9894712684627531,4
7.606169242540381,2
3.6407951077550798,2
6.314823670230273,2
5.988655638691004,2
3.9694403942071985,2
0.7948749969936442,1
4.1729511185497,2
1.920086395695083,4
6.3407872253382696,2
5.264408850359768,2
5.627591020975942,2
4.190785270962199,2
3.1780701332409675,2
1.6789240866678643,4
5.85283864586666,2
7.245895257866364,2
5.035306603356908,2
3.443224532725529,2
2.399102634923933,5
10.566289847355897,2
8.284767789547622,2
10.114696663392408,2
6.599551591355421,2
6.102739389842534,2
4.640009693144274,2
5.200091402972589,2
4.382080596398714,2
2.5173557433727525,3
1.6860575942491594,4
11.62004618156501,2
9.552856084092166,2
9.71784060279291,2
8.195469075754405,2
7.952145881083712,2
6.173847253831303,2
4.934850479723528,2
1.8978265713332665,4
7.0700174406798295,2
7.079154775299994,2
4.498421360120243,2
6.674127715454807,2
4.3874761132621805,2
1.7747634002257886,4
8.403715433702942,2
7.276922989473999,2
7.03280379476409,2
5.723828827429423,2
4.384017805070727,2
5.336796516347253,2
3.4128258910413893,2
2.043449732597333,5
11.150840955452404,2
9.10915908144945,2
8.662963421616029,2
7.808800805814505,2
5.139757715087714,2
4.159905867518978,2
5.706576165736313,2
4.520149191808316,2
1.0604189377547506,4
9.963675923422203,2
9.73328973234545,2
7.887523682352736,2
5.769734265704617,2
6.782602950139371,2
7.143665419678534,2
3.3933762175913404,2
3.157767673612162,2
3.5486896172068807,2
2.3779937416303367,3
10.237578331866674,2
6.815859743902973,2
8.015081218493908,2
7.865065159779133,2
6.913588072041576,2
3.0773776363717587,2
3.4608012572873577,2
4.695121732118877,2
2.4503788022031694,5
0.0,1
1.4050756617206266,4
8.179806779382298,2
7.0416698834318385,2
6.878558650688532,2
6.168897216546793,2
5.019242162232849,2
4.477388904032132,2
4.261845544334417,2
3.79204566126602,2
3.0628187552142982,2
0.1866719485165461,1
2.030642930657849,3
9.78901688315062,2
8.906776284228641,2
8.589542701722154,2
6.677243100604278,2
3.5808700955917483,2
4.382406241404128,2
3.9879210422381424,2
3.7415165018907337,2
1.9419701010886443,4
13.12424579114877,2
9.895795639590991,2
8.108644776399501,2
7.990928976661562,2
7.362083212384085,2
8.07678488958879,2
6.7066224812411575,2
5.714688421060373,2
6.33124364701244,2
2.2090449778321224,5
8.86985854022074,2
8.021610532926367,2
8.218064691572067,2
6.9163809096167315,2
4.102837907007153,2
3.9191249392314194,2
1.4182885516524752,4
11.12489566100632,2
8.938800724607358,2
6.422844387461673,2
7.101504687724288,2
5.5020260545492725,2
6.165224472407704,2
3.381034584611961,2
4.076318546765715,2
2.5268697004877416,3
0.17055092056179766,1
1.2805657623426403,4
13.035954406464127,2
13.854739199018814,2
12.338479582184064,2
11.771351321371881,2
9.44414131302584,2
8.239238662724008,2
7.781331259023956,2
7.687836760825671,2
4.951017032028483,2
3.7581773826749783,2
3.805909461855319,2
4.487002467429328,2
1.3206790255528071,4
15.027886759869649,2
13.364267090029815,2
13.923321104614505,2
9.203378818921289,2
12.066621360035596,2
8.11690540635986,2
6.4099226633996915,2
7.0771825349972595,2
5.425435189401483,2
6.166765243472376,2
2.1358137385310574,5
11.683201750765694,2
11.510856016156097,2
11.835341884771475,2
9.45336700862428,2
9.812709452978797,2
8.03680424980328,2
8.665660393998383,2
5.559768792249331,2
4.6172671712705915,2
3.884101190428602,2
2.0351377016045804,3
10.810864357169736,2
5.844906399670653,2
7.232055421869844,2
3.8127939373400817,2
5.0754510446172,2
4.0738192536863735,2
3.53462405786579,2
1.5872325281267252,4
13.789794349718099,2
13.170428342307078,2
13.403311914308565,2
12.344716842318235,2
10.352517502847617,2
10.424670720750598,2
8.867234750467672,2
6.605943289504144,2
6.5169651084265245,2
7.789480447498237,2
5.245565182764276,2
3.301845301301769,2
2.0126846678403116,5
3.7953412527308377,2
4.104303054315245,2
0.16950145564578326,1
2.663674800313224,3
3.6774814943990046,2
1.904413745414666,4
16.458800607771078,2
14.704743668525767,2
12.716093039493533,2
13.38203642782476,2
10.030553548554977,2
9.008335292994143,2
8.145550645949731,2
8.667661537623793,2
6.793208214037064,2
4.429048312664467,2
2.3377214129959882,5
14.920336378403444,2
13.206932121878676,2
13.524362922932726,2
9.950547067170216,2
11.524432813998365,2
8.448039222596913,2
8.801141277199402,2
5.8358641595474925,2
5.398003901518741,2
5.427989001304228,2
5.047985012756008,2
4.50945979167018,2
3.739976952951839,2
0.0,1
1.4939302305106088,4
17.297494615547773,2
15.314808329167215,2
14.184192969977328,2
13.93070686510267,2
14.108572313289654,2
12.30537898536021,2
12.308652338263368,2
11.558897209714734,2
8.51248643128053,2
8.965070989053254,2
9.601140496351233,2
8.518753992805987,2
7.565013927328921,2
5.469173607328884,2
2.7982718619415152,3
22.914679738185878,2
21.55148769782453,2
21.60609846940859,2
20.23725723091297,2
18.357271495102545,2
17.929221140306584,2
17.51771732221262,2
18.14552869182193,2
15.522962557712646,2
14.476043115288675,2
9.973745014056522,2
12.330046756571125,2
10.673585946131336,2
10.031111300431157,2
9.645822674397662,2
8.32326360974674,2
6.05083813678829,2
4.7588373165821745,2
4.365473211651214,2
3.9792895823829664,2
2.718610237473906,5
8.59854536023937,2
7.829410248590045,2
8.018906117108331,2
7.477712248771742,2
5.190240565475486,2
4.2952798827418,2
2.6454964869109516,3
0.973242197847374,1
2.1287001273476207,5
3.95554354265102,2
2.8707618518300304,3
3.638097255778869,2
0.5310604636391206,1
0.7982671994404194,1
2.7738828287168573,5
3.7871343630867256,2
1.383583286252757,4
11.124941232474745,2
7.594443012304593,2
5.680220435292838,2
6.497119913617393,2
5.731140061401291,2
3.1967134003638082,2
2.782939745275298,3
9.946524483076873,2
9.19907289726102,2
8.339932193759457,2
6.3183812453189185,2
4.450990777507641,2
4.300792010019274,2
5.023196721160719,2
2.808765012929247,5
2.379050486620053,3
3.130817823510344,2
0.7084620413659661,1
2.8732538261467053,5
2.227634993254966,3
3.8656787721221613,2
4.4197427787771675,2
0.2384457679049169,1
1.7663575682877322,4
22.0626689039633,2
20.48242012504566,2
20.19092889725805,2
18.303293277042133,2
18.662564788181182,2
15.633105549972393,2
14.897607744078051,2
13.825403006606177,2
12.605722884201526,2
13.380596741061025,2
9.67782957981995,2
9.963754532530473,2
8.11408820945163,2
8.163030747348786,2
7.785756149130666,2
5.323531534246323,2
6.173207389175416,2
5.9937252727002726,2
5.2291323117455795,2
0.8796889575746145,1
2.525445763546172,5
2.5805077504083203,3
3.4526843972583934,2
1.3570503555400428,4
23.408264813515768,2
19.806987030715565,2
20.115879647878327,2
17.746501765370862,2
17.11788130677926,2
14.697610677081716,2
15.173057063336394,2
13.718084338526197,2
13.40062384921432,2
11.411700307355664,2
10.830621718714106,2
10.483212371742654,2
9.405153247712537,2
8.22449621705728,2
6.164261168977702,2
5.3375258573657565,2
5.3043049884989495,2
4.406396092587638,2
2.5621345870923373,5
3.1454168467102672,2
1.6598937291940057,4
13.17210129537745,2
13.265948980735606,2
9.047900024614423,2
10.952390712120735,2
9.688881818737183,2
8.650336535469103,2
8.054305680218159,2
7.2948918919635775,2
6.0578360553708315,2
4.073600847161537,2
4.291742996130329,2
2.1764972442729937,3
7.142725041720025,2
5.3403595505753945,2
3.264607072490868,2
4.369605991618021,2
3.215313765981767,2
1.082308709863642,4
18.978422497314146,2
17.56337923627031,2
16.96301360967554,2
15.355013554662245,2
12.746742762284635,2
15.530362770623373,2
14.950592193681256,2
11.691586798173168,2
9.927894558263466,2
9.588399275315949,2
8.337718702318544,2
7.098856737514128,2
7.2482374698284975,2
5.475908897707825,2
3.2011503940124952,2
3.987428058432831,2
2.7538507442020537,5
8.216499320426859,2
5.817554092317828,2
5.178609327155944,2
4.024389191946795,2
1.5754542776609255,4
9.14728795048016,2
10.585801007249447,2
6.805291053479952,2
7.445059356230776,2
5.833584243291623,2
4.5791030326041335,2
3.7548720048522606,2
3.32201531151258,2
2.277509584437111,3
2.7099706880700563,5
1.493566574761663,4
11.52781095601885,2
10.231626374914534,2
9.062272853247174,2
7.3297803665162995,2
7.1415835118259094,2
7.856724740028187,2
5.596006126566569,2
4.7723119940353245,2
2.8544851222335947,3
6.4971801337596204,2
4.376828722380346,2
2.8801050629035423,5
0.0,1
3.3796245908788936,2
0.9219417719564668,1
2.676373833744395,3
7.321811024930952,2
8.200287857834155,2
5.921656566048776,2
6.143123326818055,2
4.0516155366934266,2
5.672972605164034,2
2.2991539132082472,5
13.086100393079445,2
11.504231818488913,2
11.755308434628622,2
9.596583877852495,2
10.551214107873546,2
7.754001676071197,2
6.687842250768965,2
6.3473507647206775,2
5.793238714761096,2
4.680176521908303,2
1.276193736606102,4
17.110175595575473,2
19.008972270243987,2
17.985412882365647,2
15.71237747109488,2
14.888376572982965,2
14.71296065921488,2
14.414263865016256,2
11.238267819731393,2
11.875115780257394,2
9.826697819572756,2
7.6145513163822125,2
6.227988870806508,2
6.3358739589263715,2
3.4915430046250195,2
3.922122729507844,2
3.4525357978229017,2
3.448222227468945,2
2.1387076432742,3
9.218621932690109,2
7.43706768333826,2
7.88743001918702,2
4.804061600671616,2
5.9005076779323264,2
4.523510256592617,2
3.9894745225940484,2
3.5530699522584377,2
1.8125144978272176,4
11.124690837362692,2
11.152290994270695,2
6.293280532721628,2
8.465730205451207,2
7.492572581672232,2
7.110939510883799,2
5.869784101379321,2
7.276997009171691,2
2.7159981786894605,5
20.835155238949564,2
18.26298887587791,2
18.04950118632715,2
15.248326500863314,2
16.110423154065767,2
15.210654564452483,2
16.508192602147382,2
13.769669621178336,2
11.052272700736511,2
11.931875249590394,2
8.857936526305082,2
8.473208750859728,2
7.588751356971437,2
7.255470397388683,2
5.222211045032774,2
5.259888123580054,2
3.254840697925597,2
1.7929817627219946,4
17.447991359777607,2
16.082507911675233,2
16.540856290089973,2
16.844935630191657,2
13.244630079797446,2
13.85153853663198,2
12.757721578791385,2
11.82496398682412,2
11.793301650786624,2
8.311173072094977,2
7.7821983274168565,2
7.253806580898793,2
8.344452909808691,2
9.52654127673672,2
3.7099350832149063,2
2.3302495928877547,3
3.1697872663614084,2
2.328108689935729,5
0.8537835006814759,1
1.2271434879515328,4
17.253828613981806,2
17.04510836399561,2
15.64785056046106,2
13.223280897518688,2
11.831786899820015,2
11.56695906995533,2
9.416162596289963,2
10.024650356985221,2
8.650131733465606,2
7.205915134056803,2
6.5708496671148655,2
6.079568046134617,2
4.971257196004023,2
3.3381545319329446,2
3.2664386487008468,2
2.036315675255828,3
3.760375500049888,2
2.6853259356125645,5
1.7747998365762236,4
22.255131224239236,2
18.143623845120846,2
16.798224687071233,2
15.818741591498945,2
15.788801887580723,2
15.730618709141893,2
13.499657872883525,2
11.007163130499928,2
11.70286421701372,2
10.324679263767091,2
10.812067455033374,2
9.709139258341656,2
7.151571308499433,2
8.644284499513189,2
4.3932524020027675,2
3.5444725605894254,2
4.454003310879439,2
2.304523814964302,3
1.1142245776740611,4
1.613397559859821,4
1.8967612914204657,4
2.9051915355805265,5
20.431586013852986,2
18.26367946450234,2
16.386557608151858,2
15.421610350866327,2
13.280638115236455,2
14.342901608993197,2
14.159797905222858,2
13.339728162019398,2
11.752359525458155,2
8.285841950231061,2
10.57677977903429,2
8.378987991483871,2
7.648065349724725,2
6.222433469649029,2
3.672575148684394,2
6.251680830064743,2
2.3272026600535085,3
2.6638330205207352,5
4.373801533559133,2
0.5173886274285036,1
2.820260241042142,3
2.3665671421115846,5
1.660457689627212,4
17.70579702798819,2
18.669606003973247,2
16.026701268410847,2
16.107121225225622,2
16.467804075373067,2
14.295687427012744,2
13.747754491219125,2
12.724922926794354,2
10.081432217335943,2
11.809875293935216,2
8.141525381536647,2
8.596335754639702,2
7.024587028356452,2
4.9205816167968015,2
5.377176719791153,2
5.89343418126264,2
3.2526654520399663,2
1.8088824039179572,4
19.261262527536122,2
18.06314208534045,2
18.308801750529327,2
16.63169302072119,2
15.492988218730488,2
14.422958287193735,2
14.111078830817695,2
11.863968848208033,2
12.690817404778974,2
12.427461901062536,2
11.236163345449672,2
11.0319146754293,2
9.359608412162077,2
5.942554472035067,2
7.6099121668992495,2
4.29269498512148,2
3.713641427606164,2
2.294948289839688,3
3.9123522777594935,2
1.904298655796728,4
4.827697519933653,2
1.5597718958522435,4
3.4258812889836388,2
2.085472643425119,5
14.089368081476335,2
14.043259025664218,2
12.413830493259598,2
10.152915515437769,2
9.676146503062622,2
7.269215953147137,2
9.637160214642288,2
6.1689267157569505,2
6.452139572522203,2
4.195477476276438,2
3.875169527655796,2
3.918356233874248,2
0.9483018986881366,1
4.704042578402111,2
0.8749605962320213,1
4.1237511253171935,2
2.4649684413795385,3
3.0224267055249983,2
0.9825546218728556,1
0.9868335971607968,1
2.775935444893983,5
1.6096826736352907,4
9.277069339871343,2
8.458385000822663,2
6.214087031028312,2
5.52860046461612,2
5.170994090709004,2
4.516795283175163,2
2.591456546789031,3
1.1011322944803503,4
3.674164529916475,2
2.7226675637947393,5
6.848333735108827,2
6.9737284704879015,2
3.706905720963927,2
4.878523263618179,2
3.924610153082822,2
3.2177229137225,2
2.3675591506476468,3
2.9618748309621528,5
1.2953832788175117,4
17.679995922296172,2
16.965573113191386,2
17.886302814233588,2
15.789123924202368,2
14.498063403681787,2
13.82108109743047,2
12.37321931005108,2
11.16572358687907,2
9.772100622291214,2
8.740096080889309,2
9.06756173700921,2
7.639472791532597,2
8.01552814418908,2
7.251794139140227,2
4.329829014691777,2
2.4354523873697937,3
4.352770449224352,2
2.1610902920884603,5
17.610502632963904,2
15.267071976108511,2
14.950231475174027,2
12.831332280697515,2
12.074258824976024,2
10.544857204492237,2
10.72777631736935,2
10.342122197624516,2
8.140057412176791,2
5.83654537332211,2
5.2321975176991975,2
5.371764258304318,2
4.19571439428204,2
4.610011575964516,2
1.4459215436181574,4
20.434593961319226,2
19.991695686197637,2
17.260377532883233,2
17.951787697485624,2
16.704318961258075,2
13.324289204123204,2
14.544132670635069,2
14.000812490328164,2
12.606926411692765,2
10.420446297214756,2
11.70039611325576,2
9.334820150398688,2
6.817911644498492,2
6.160841632762008,2
4.743015420819231,2
5.0643810612177225,2
4.464011468032112,2
2.6213453707615364,3
3.1809265782834237,2
1.879968744314768,4
3.9195392184290583,2
1.5252302324586773,4
2.1609759017017174,5
2.9880644420685902,3
1.773465298904943,4
2.0502989789991526,5
18.919334048707302,2
18.391344398929046,2
16.618167523322025,2
14.694692034469233,2
14.86706752308447,2
13.671437394998215,2
12.431093513958446,2
12.167959282456147,2
11.1627717072532,2
10.749275130490402,2
7.67976249641451,2
7.687148143448115,2
7.135793236772506,2
4.013931177625922,2
3.6753863985041155,2
5.833446244528528,2
3.452810908199681,2
1.834257145103156,4
17.64961352747576,2
18.614920584505327,2
17.331719133643993,2
15.881424770290641,2
17.272738739480445,2
14.822139013401205,2
12.081563265894887,2
15.048110882097285,2
10.762685887730413,2
13.113085696235974,2
9.828631988324506,2
10.061937022176977,2
8.20439068418451,2
5.707273047611232,2
6.807467000604651,2
5.195962165066281,2
6.335644282951892,2
3.5254245060999447,2
1.9343572688824973,4
20.00708745484,2
20.335784466016282,2
18.225955306617067,2
16.836466504445244,2
16.03964366838378,2
16.757984008001248,2
15.291166327152386,2
13.042692832061462,2
10.907275804963918,2
10.148306014960186,2
9.171436547925266,2
8.640499843319914,2
7.436210554362347,2
8.313308507253662,2
7.15182984435208,2
6.250344299821161,2
4.266293587759503,2
2.3465476657983215,3
2.2558026731588243,5
2.590637530008744,3
0.34263062013736345,1
1.4393465211170768,4
0.3255976589550944,1
1.6952885954917678,4
0.2632522650592879,1
0.3530251942641269,1
1.7885300486179552,4
1.979758357990704,4
4.22671786765508,2
2.4455272236012617,5
4.029698299354445,2
1.2290212674081202,4
9.0142304161346,2
8.058154826697661,2
8.81051482426006,2
8.364379314938827,2
6.0519028941339,2
4.561660415751457,2
4.480314873633708,2
4.337244828047218,2
0.2870046415546732,1
3.053522091876389,2
1.8240619947257652,4
8.733926476546559,2
9.35301687765188,2
7.6553827210721375,2
8.330580210534894,2
5.6019674545367435,2
5.186853793705769,2
5.188535171720483,2
4.637947872555612,2
0.15687688625272322,1
2.490496064272292,3
2.3195282351851683,5
3.8587287337229985,2
3.5381716379425248,2
0.0,1
0.424009045808968,1
3.9384422130558,2
2.174255966366522,3
11.139329399097317,2
8.318290075818396,2
7.279894752160769,2
7.744791412598518,2
4.051385617547452,2
6.267881245001714,2
3.722842994313611,2
3.0145898339503163,2
3.331495130228752,2
0.0,1
1.6748894444654128,4
11.051613199708354,2
10.215105473364565,2
6.0533635773186685,2
7.459102469919232,2
6.188377517529008,2
4.485371697520205,2
2.8035621652462406,5
0.0,1
0.8397046192923109,1
1.872025881988219,4
0.0,1
3.4493011756924155,2
0.0,1
1.1502087353213428,4
1.707304716306116,4
2.206145765594766,3
9.05674886933866,2
5.656578855988041,2
5.776174670879935,2
5.208582017001208,2
3.525810767701706,2
4.124850220666476,2
2.9185642737151003,5
0.9032854967088716,1
1.068334630385903,4
8.736572003485648,2
6.818445302717844,2
5.857460027007081,2
6.389880038539808,2
3.3745974161830152,2
3.496692639979285,2
0.17145857131047104,1
3.133815686533824,2
1.6727241594578444,4
6.978749694684341,2
7.470537479427421,2
