5.404097486649929,2
4.806569630879446,2
3.4556824083885895,2
1.5685848929804216,4
9.040948963274513,2
8.19805400022001,2
8.208382874552322,2
6.266806476843837,2
4.766081687950533,2
5.1257218362535095,2
2.4605855187793737,5
22.44092622520912,2
24.821973479271,2
20.954772656568924,2
19.678266091189037,2
20.63701156140565,2
18.947945534924408,2
19.461072565775094,2
17.217555001768364,2
16.358296842697335,2
15.763838203313561,2
14.558930434466667,2
12.79500738025609,2
11.187327452426944,2
12.819295124534175,2
10.783066455236575,2
8.491723213567475,2
9.214317537942936,2
7.613746194444113,2
5.593932076802753,2
3.898606884452781,2
2.8304286771594973,3
4.318079011548615,2
2.555532964846195,5
14.680065224910495,2
13.66164247609452,2
12.07445286612101,2
11.104370108221358,2
10.802946913909476,2
10.853751664557748,2
8.43206942968203,2
9.108927359237775,2
9.059874879574117,2
5.175669288034602,2
4.480109972866852,2
2.2703002789739646,3
5.656976027987658,2
6.331350154244809,2
3.919047938567661,2
2.1875751172339952,5
5.465508887157369,2
2.487029324557507,3
5.394426995333197,2
6.4386389798553925,2
4.406291839461695,2
3.5920669342099947,2
1.1602404459121265,4
4.150184566844136,2
5.1868972611868225,2
2.635559625144441,5
5.444578929905656,2
5.811075626670009,2
2.4528953265155145,3
7.277693554043966,2
6.798506238957697,2
5.799011382199452,2
5.829733008527508,2
4.824930713044073,2
1.163123932963387,4
21.846208274961718,2
20.429663052422786,2
19.823401234732138,2
18.008483345922105,2
19.650460037224427,2
16.32610697148985,2
16.355387379189875,2
14.122394708133015,2
14.490566406005936,2
12.848386825504976,2
13.523034544404323,2
10.11203200929266,2
9.585098599504981,2
8.980271649829925,2
6.7749187518686105,2
6.4690368235080555,2
7.745942483142338,2
4.61658022894977,2
3.7036120694052546,2
2.8597273793784077,5
3.2281185720384595,2
3.5295513628908126,2
4.41331719565291,2
0.5242757257125399,1
3.908506404504968,2
2.4112821545388354,3
5.693434538012697,2
4.1516207672717895,2
4.2994797664425874,2
3.1455358895750427,2
0.7308433631949056,1
1.9546979643234,4
11.328401357042251,2
12.720944995231775,2
10.999992093436687,2
9.830626437936306,2
7.684980187702027,2
7.320692473626137,2
5.9428113770932995,2
4.578785185701952,2
6.0651335084858715,2
2.8502226878516583,5
1.8456469159423112,4
3.892972035223949,2
2.3523381391658957,3
18.912865725297124,2
19.982735726703922,2
19.51657347401641,2
15.915293623177831,2
15.253493641422105,2
14.754862746054664,2
15.206282335355725,2
11.415912203554695,2
13.669496642929142,2
12.320924960106726,2
11.904677720630591,2
9.05308579530718,2
8.607639557512998,2
5.5635621506995285,2
6.9388043929466985,2
3.9004081579070977,2
4.9312772546578945,2
2.184624724907382,5
3.6969879120852585,2
1.8145505817643777,4
19.76224520130224,2
19.294276846041406,2
18.926855505479587,2
17.85961705073891,2
16.372816500516233,2
16.075500952711614,2
12.760335317139775,2
14.71378265437036,2
12.870865316216163,2
11.383978586545048,2
9.387475715194064,2
8.744588185940861,2
6.733109920067947,2
6.139487634098471,2
7.361540952070624,2
4.653161738763983,2
4.235123925296266,2
1.372234045786278,4
17.172597677830456,2
18.597918718248508,2
15.027041052842693,2
15.017657967477364,2
14.770688737192135,2
14.743992374806604,2
12.316354704601038,2
12.40166344224304,2
12.812631768247988,2
9.483848309119411,2
9.438911538578239,2
8.43422800095518,2
7.635831254734218,2
6.377829967900236,2
3.138951744239436,2
4.04020396503498,2
3.993432762781994,2
3.256212104097887,2
2.3041774201869547,3
1.1171338643959086,4
3.2888023906179913,2
1.3958780893442293,4
2.2275847960916697,5
6.247950516932327,2
5.379388145514363,2
3.47396779637084,2
3.571165080285061,2
2.6612971897937774,3
2.8146699861747715,5
3.5915464228618013,2
0.6466994445354606,1
3.3258692882720284,2
1.2152530517477975,4
14.31623603388826,2
14.900638255148644,2
12.496044486287285,2
11.340677695498064,2
11.293353792067466,2
11.16721414031209,2
9.433259434125588,2
8.1928448909311,2
7.100218351824606,2
5.394208754939736,2
4.451782389617903,2
3.0425622458137607,2
3.888613238641745,2
2.6759072024981903,3
9.578470137959991,2
7.456687131301342,2
10.085921886416248,2
7.952292581294,2
5.812330506051548,2
5.190399296827214,2
3.3013391226353352,2
3.775462463514839,2
2.6902791576105844,5
4.689477224554005,2
3.4590211089551657,2
3.8532747010748594,2
1.856767797337174,4
2.620206916238281,3
11.176049599203123,2
11.221051397148342,2
10.926735926419706,2
7.900867814046954,2
9.786699946551932,2
6.94033335538406,2
6.779514034567045,2
5.894430407069113,2
5.908926629621352,2
1.6385031600102988,4
18.12743619847272,2
17.30712497371918,2
16.744361454051322,2
15.674477689705991,2
15.225320874114251,2
12.65923342004108,2
13.130411795139091,2
10.860252747021246,2
10.772799265439174,2
10.232832368622473,2
9.077923031343557,2
6.3308276890373065,2
5.578344327148205,2
5.184500318892433,2
4.674407743548099,2
5.626855865002168,2
4.07136952266217,2
0.6703504873451931,1
2.037813856868982,5
10.405972584207843,2
8.712686786004408,2
8.901944299898886,2
6.4902901938234345,2
5.323184334512017,2
5.48638264503115,2
1.4015724366594842,4
13.38001803341751,2
13.753422017631598,2
10.99964408628994,2
9.099996196911443,2
9.35780111472162,2
5.4286697646824384,2
8.486895683116952,2
5.288438127682221,2
5.845899435256559,2
3.4189911543630944,2
4.84467529001671,2
2.141643472301665,3
7.1231761354887695,2
6.430080372617563,2
6.6221257980579225,2
5.162991912653297,2
6.470910074489713,2
1.9604699299273245,4
21.228398137841328,2
20.858555221656477,2
20.369423071614264,2
19.05675421244593,2
17.59978128059821,2
15.197788161889227,2
14.70267831959062,2
12.431882373621036,2
12.431544563767128,2
12.430276192038198,2
9.852957563164216,2
11.319403597453267,2
9.077899726965008,2
8.040898922740311,2
8.624407658424134,2
7.3999134064477134,2
4.8785319715775755,2
4.467181670924057,2
3.473248426498428,2
2.4346046920748017,5
17.192079503857244,2
17.36683459654824,2
15.755114888539307,2
14.22985428195498,2
13.34329187255124,2
12.150838500667536,2
12.903947486888097,2
9.23477503782376,2
9.068458765791023,2
9.060358550851026,2
6.438483472270629,2
7.0333068209513225,2
6.464255557211878,2
5.551198742219485,2
3.865288835014753,2
2.5758138960294197,3
11.44274459026467,2
11.324477940659778,2
8.426441853737037,2
9.638563934623887,2
8.254118887769632,2
8.83177751455658,2
6.415609149913411,2
5.526656546883396,2
3.092805924934189,2
3.13130142567824,2
1.4636586841004542,4
15.333138624909065,2
11.436395785596744,2
11.101691622046301,2
9.797038333775381,2
8.286173311243795,2
6.763451464988204,2
9.063687024683569,2
6.29858439113825,2
4.457785064112518,2
3.284561782277245,2
3.4826444671465646,2
1.5212033757985512,4
13.558722877776079,2
11.365232971705074,2
9.259951508169367,2
11.027755970378143,2
8.983103620919394,2
9.037909313864477,2
8.371052203925755,2
5.182694566500847,2
5.499786975010442,2
3.9143938691318083,2
3.3582704715739347,2
1.6926597254303155,4
13.859353618106573,2
13.37151517903353,2
9.851582906011027,2
11.750085948528236,2
8.483882883136808,2
7.330051649303615,2
6.687908742561581,2
6.4578301174385295,2
3.6640999514626102,2
3.5206900445703924,2
3.2798437299427072,2
1.4857080467358674,4
11.285786311847506,2
12.801761010180075,2
11.914334773156467,2
9.022743353123037,2
7.954223673381014,2
7.5988008339215645,2
6.50474362677104,2
6.938896148924668,2
4.2354772366783955,2
5.027187933950263,2
3.9052220222195606,2
2.210358305005783,5
14.562801733161528,2
13.264870723360726,2
11.111125657182644,2
10.459659202815187,2
10.232813150827068,2
8.601082416191758,2
10.105968625768018,2
9.855550009907217,2
5.1874143976373865,2
3.2053825732921988,2
4.452891000878941,2
3.64570378503924,2
2.0348746028786606,3
6.01858854127696,2
6.933669103130555,2
4.699592694115994,2
3.3896918262812386,2
1.7983817576639771,4
10.126192915383314,2
8.769006740134909,2
8.263935234668873,2
4.8255444949534825,2
5.3562650358877155,2
4.445310140820267,2
1.439203587574058,4
7.426362659730383,2
6.7949667147776225,2
5.042361399666696,2
5.573886496662372,2
4.062418809619727,2
3.9418065898974017,2
3.180167723946438,2
2.8038997200359668,5
10.918132584876167,2
8.41602289246776,2
9.535034032826221,2
7.500009988448133,2
5.368055530135264,2
4.7535754507167285,2
4.393680160104043,2
1.8044821243543447,4
9.066029411696645,2
9.497280350861516,2
7.162530980319126,2
5.530421707246335,2
5.834153899785564,2
3.9547659337531007,2
2.3096621317973165,3
8.912976951686023,2
10.097257704530186,2
8.786504678680252,2
6.178489244622939,2
6.67705508777393,2
5.161315582454897,2
3.3767402202769237,2
2.662664324293169,5
3.4637241472611087,2
3.10822962530797,2
3.886907403517792,2
2.9735802571712893,3
5.172046409697732,2
2.74527613335,5
2.615727411433624,3
3.4793766126693457,2
4.375658508031759,2
4.095660409663841,2
1.4100807874154726,4
7.702181990967622,2
8.399392115530036,2
6.4165376830262755,2
5.313713126041579,2
3.267665781569677,2
3.961184933937401,2
2.0955861592405247,5
5.132864898924417,2
2.6625851141020878,3
6.064723419538825,2
6.6091234681235225,2
4.800907893888862,2
3.098076778069625,2
1.8064176185165155,4
10.994301196399007,2
10.61323158525358,2
9.35144230409204,2
8.066802723338622,2
7.426843433943745,2
4.705597468110043,2
5.303412030424979,2
3.3006491976540135,2
2.420662633783385,5
1.887205024171976,4
4.913973659560041,2
6.047578343965241,2
2.703238898008045,3
11.034043275058577,2
8.904194591979618,2
6.693104392929371,2
7.6501414065540985,2
5.454563247338584,2
4.889113574349696,2
6.050700185955559,2
2.176639192520236,5
2.3941317120977352,3
3.0088655969170386,2
2.219842849080197,5
9.723036222338216,2
9.563760380619506,2
6.732908941700996,2
6.273405816629863,2
3.5690620693744584,2
2.303283691122189,3
0.0,1
1.052430797902371,4
0.9915846148690206,1
0.10118501093887278,1
2.8690969029531885,5
8.365918351526586,2
5.897744243430632,2
6.031179992607919,2
5.314548034911497,2
5.321966202804808,2
3.784273819673009,2
2.9548689065469964,3
10.202579182551165,2
9.171437986038876,2
8.645728469401115,2
5.259969122009811,2
6.2065236257561756,2
5.730020791662196,2
4.97123449447629,2
3.2853541452759987,2
3.2240196118737083,2
1.145952796435562,4
9.81965766473648,2
10.082808885369893,2
7.427187095642841,2
6.316066241495677,2
5.120738979341676,2
5.130716658022038,2
3.5738584809159573,2
3.7092356992116815,2
1.5487492066492006,4
9.423470671537617,2
7.57257136897504,2
4.578095846574922,2
6.442382769969902,2
4.386323275613491,2
3.956664808483605,2
1.913388889391596,4
7.712703359950289,2
7.579955067305251,2
6.482345164039769,2
4.50854599538108,2
4.498631401642219,2
2.2810463377451433,5
6.23684451340124,2
3.87194192902901,2
2.747758697233979,3
2.757284883638216,5
2.9900600069607672,3
2.358246377381766,5
2.4412681635368565,3
4.683539754421877,2
2.8537354256761,5
7.600384847813034,2
7.593079620725456,2
3.8927912406158502,2
4.583984131203498,2
3.319437667117941,2
1.9877887681877466,4
9.363498434883782,2
6.480610558680554,2
6.299463087132059,2
8.31130436859004,2
2.2608439971567806,3
4.286249264270716,2
4.19621033261776,2
1.0271781107886993,4
5.174299186236684,2
2.9260950717877385,5
0.0,1
2.9109858199375998,3
0.8981891073083839,1
4.69626169330156,2
2.9183972405294134,5
3.4513664001933475,2
2.1161558709136052,3
3.694799296598261,2
1.317580457875772,4
5.517156519472903,2
4.9736706313804975,2
1.089895268218446,4
4.2479877142731,2
0.14215113969933135,1
4.04853239468734,2
3.8069508361590363,2
2.506871156515816,5
6.504150500386922,2
5.897114880742112,2
5.3997623959086125,2
2.7704433619649174,3
2.7135074513651403,5
4.735730802567862,2
1.9763813616903372,4
8.220767453409396,2
9.538900080349164,2
9.087231087098573,2
6.66758252549408,2
5.2506977136061606,2
3.199149793074428,2
3.497005815578919,2
3.58220632205026,2
0.9082982477651416,1
3.2481976029023376,2
1.2397784568183878,4
10.547197884493317,2
10.870272663968828,2
8.474645330724952,2
8.64487169707929,2
6.11379815258529,2
5.698930263042906,2
5.061152156835648,2
3.6679812807667775,2
2.2560432191099213,3
4.643017801817593,2
0.0,1
0.6695862958239251,1
3.6922278742352415,2
2.7981139270053954,5
3.449175186168888,2
3.4628207382895484,2
0.3981658454410771,1
1.0268364210775924,4
10.177044081509855,2
9.371108206931748,2
7.908744124853091,2
6.747350193577748,2
7.126723811123204,2
5.4731254782939445,2
4.350779088749502,2
5.00343606010499,2
0.11850316141544615,1
2.463449896476293,3
7.940729969822919,2
8.112913570376627,2
6.794367015431429,2
5.374635827904415,2
5.2336253755201785,2
4.311780960398935,2
0.8152982827237523,1
5.5682532731057774,2
1.9189209563380567,4
9.007803964102507,2
6.277661522317908,2
6.113220437908472,2
4.241357468071957,2
2.590081893323092,5
1.142250386393412,4
2.027154110653314,3
6.107803973028755,2
6.108320815695594,2
4.950163677226521,2
5.640980736901753,2
3.521377978466587,2
1.8906556027627648,4
8.813515603706357,2
8.895209320030762,2
8.458415772090985,2
7.488061309654614,2
5.232830609736396,2
4.986123573435413,2
2.5005420070139444,5
4.143269836430557,2
1.0656433286616247,4
3.902874198425992,2
1.3259148965982883,4
3.431775345137261,2
4.126989329856838,2
1.9171027291263325,4
3.6037147555550937,2
2.8579759875948225,3
3.4122747123412585,2
2.712210928082035,5
4.769791782284352,2
2.637714642156123,3
8.218337268919708,2
4.4747075776805145,2
5.21121096990927,2
4.274506852087827,2
3.2400339864358654,2
3.3849166303864227,2
0.5892523306827939,1
3.1824276536271934,2
0.27504465062217864,1
2.1228853028942702,5
5.610257811193671,2
3.331115548116196,2
3.9881829142982896,2
1.5636212409771002,4
11.848350173922027,2
10.779481419222616,2
8.012402002283903,2
10.113933657635195,2
8.196027047504787,2
6.760986310499524,2
7.108369178360113,2
4.8012230823715205,2
3.7618088952866473,2
3.140348171899649,2
1.767087440128486,4
13.281753844321461,2
11.744277846228291,2
9.896583892725573,2
10.555078244390529,2
8.584509109694674,2
6.4514008651573,2
5.155021276067769,2
5.246723247798731,2
2.281933064534649,3
2.527530933454968,5
2.298623609595747,3
3.9954789206076153,2
0.9071641744097708,1
2.9382657746278107,5
4.468235459852178,2
2.1944827293342097,3
3.075980304320677,2
3.5272883263602326,2
3.6664021323239937,2
2.7483728856182243,5
8.72639399810009,2
7.139762761965652,2
7.299428364445052,2
5.958189703785165,2
5.01954512198222,2
2.9985471064851126,3
13.645297750692311,2
12.789345460397069,2
9.331448654752664,2
10.150314816460671,2
9.322195470988923,2
9.379686410334378,2
6.003935569779202,2
5.834477172367225,2
5.74087826858471,2
4.521883633435328,2
1.9062485721477591,4
11.33579691588186,2
13.17346759523207,2
11.69758931428746,2
11.42846212491793,2
8.909325786693199,2
5.698741952318889,2
6.6945144116518875,2
7.642155432969379,2
5.338940934248807,2
3.533792659093693,2
3.020327000324388,2
1.5034892160298088,4
15.048497967143351,2
13.770964116777035,2
12.483320476912663,2
10.83760791033952,2
9.846647379128804,2
7.959482100335883,2
7.480926208467235,2
7.35895358577857,2
5.5672752132597685,2
6.3697223755014125,2
5.114040997710703,2
2.5323413967336634,5
2.1195869923200297,3
3.484760436560533,2
0.8422243965212064,1
3.555074428555649,2
1.4559875971673877,4
14.140517037972556,2
12.800299377697348,2
12.989791098614257,2
11.703990141243679,2
11.171199616936876,2
8.906116975534033,2
9.083052129315918,2
6.109227413434971,2
7.1735392959249555,2
5.891888509732825,2
4.98274981892057,2
3.0904204681552043,2
2.2902242495774936,5
7.304793355895613,2
4.469927017995515,2
5.1447358813671205,2
3.7307787590622365,2
2.5209107903283643,3
6.982878730263631,2
6.69583378316662,2
6.071108435230883,2
3.46255325147431,2
3.4487864557671566,2
2.194019365380599,5
4.266159985928296,2
2.8113984023162155,3
4.827525730641431,2
4.155426758384361,2
4.140285200484497,2
3.505918758556897,2
3.694999516546756,2
0.3703728716665372,1
1.6735917010818335,4
11.768731820935535,2
11.009036038502442,2
8.621926046912508,2
9.043075233514044,2
6.894673397001628,2
6.054207361241428,2
6.359406463494188,2
4.4138450111617225,2
3.076102485862944,2
1.30057736829729,4
11.525767959116473,2
10.988360071716512,2
9.86556293664793,2
6.20803516855972,2
7.355653230769306,2
6.295364804419393,2
5.614591437425251,2
2.836685513387318,5
3.526835478989065,2
5.419214400624187,2
1.9839757938479905,4
3.068395427890975,2
3.3593279514739613,2
0.5167795384405229,1
1.5312457996421602,4
3.3133735044156643,2
3.134301269492988,2
2.685938308972488,3
3.251504809187346,2
2.943319664931982,5
1.8629066539743036,4
4.798877733015225,2
2.478251072787737,3
10.727340673661963,2
8.198885781071313,2
5.578425708941697,2
4.837641627310108,2
3.4251649682770107,2
3.1703066251472607,2
2.6747896334128245,5
4.552743206743159,2
4.64487577465421,2
2.9026110835636163,3
3.7072449930071967,2
3.2595241825482515,2
2.813318357204577,5
15.678225429580193,2
13.876839593514573,2
12.761627592407391,2
11.610700288981548,2
11.937544935732207,2
11.049343933305172,2
9.739555987577033,2
8.105144773721605,2
7.3069805903083624,2
5.705214629728142,2
4.152572737342212,2
3.4632909793530486,2
2.7564325010951234,3
14.563114272159133,2
13.898658268406454,2
13.34914934977132,2
12.567078632942572,2
10.52119804807918,2
9.480095250641307,2
9.602150727814614,2
8.474366323131,2
6.471929129922696,2
7.716086007181586,2
3.660745649630925,2
1.4441615252333255,4
13.873200876454186,2
12.763205735740652,2
11.686455325180376,2
10.486439344461896,2
9.611721864347553,2
6.846290205446088,2
7.408255594499285,2
9.237454368675241,2
6.010002236091161,2
3.74307964016344,2
3.795115921432037,2
0.0962260038325602,1
3.57704437905284,2
3.474520195053976,2
0.3834286724204925,1
3.103660493384627,2
0.9630105386532349,1
4.3926742296185735,2
0.044420755723906025,1
5.176328226245968,2
1.9458422765975,4
16.899421292172445,2
14.64929645289056,2
14.823192519901,2
13.601778262478664,2
12.02064464655132,2
12.35586408525217,2
9.969797713160585,2
8.23646210977194,2
8.092694457940313,2
7.534471907560481,2
4.075805397238846,2
6.6086440284404,2
4.429546040626095,2
3.85559808364866,2
0.9735008527101068,1
4.120969129299282,2
1.1410210601962951,4
15.519824932130833,2
14.030520668042007,2
12.999422993516724,2
12.319055983864136,2
13.255712812223642,2
10.552604844831363,2
11.277416847658715,2
8.043377851474759,2
8.079064938092158,2
6.575483057196933,2
5.089458093155204,2
5.718646371271559,2
2.7783631875647288,5
2.2483111534909503,3
1.360924090245326,4
13.341399102824061,2
11.8016761731568,2
11.445837323791418,2
10.353404581751176,2
10.030122814757526,2
8.90217927265067,2
7.672826347257514,2
8.434399773486978,2
5.041946238246094,2
5.485115764762849,2
3.1451873511558293,2
3.2595979400551016,2
1.3216228693012106,4
15.763590407202836,2
15.801383819404151,2
13.185226855489653,2
15.590992317413006,2
11.853499367391873,2
8.638776498054723,2
10.611846965273855,2
8.227570013212723,2
6.215010806698285,2
6.462608094646697,2
6.028924433811214,2
4.1606746216094415,2
5.986518600299003,2
1.6416236770035202,4
15.702177512053535,2
14.276374463853074,2
14.176224809421864,2
10.065364660049932,2
8.536477731572095,2
9.97063206657798,2
10.39879940550216,2
7.969188685372165,2
6.6308146037034525,2
6.677737244121691,2
2.202454503476748,5
8.657434733747426,2
9.367339922085126,2
8.680920111621171,2
7.617851865135096,2
4.844307449998287,2
3.5930140418237024,2
3.1467134865861235,2
3.196888377999102,2
3.4582869536709535,2
0.29712509187818514,1
2.0360528933632542,3
5.229028020663284,2
4.39894343975433,2
1.6558606100244395,4
7.964281435081181,2
8.115265600237873,2
4.402708739279552,2
6.836252062621182,2
3.5661322844536927,2
4.14105485361561,2
3.532000647410565,2
0.0,1
2.237397475942399,5
11.863669569559931,2
11.963695483872506,2
8.581271389556832,2
7.712586882609407,2
7.023657373484911,2
8.078758138487162,2
5.7278659318891405,2
4.536075130236382,2
4.650105921782846,2
2.0796939897437365,3
12.791101545923107,2
12.197960511606922,2
10.426657965104893,2
10.941549019261618,2
8.194193671321628,2
9.575535093596864,2
6.09866229061592,2
5.660928629301488,2
5.616039778609254,2
2.905518621821184,5
10.104386332550906,2
6.769418992433609,2
5.424028096429751,2
5.052975350126348,2
4.9359746691952315,2
2.6001807264036993,3
4.384840819536445,2
3.72973738124471,2
2.6186969377725475,5
9.636253627408347,2
8.889971657161496,2
7.692483420593884,2
5.555526441703787,2
3.0677133118497886,2
3.4096580929197318,2
1.2796056891517291,4
18.03239434892036,2
16.825105436333743,2
14.058248837510323,2
14.62322387620671,2
10.950034792651024,2
13.025487584583194,2
9.9539640368349,2
8.479342330666126,2
9.880416290783998,2
9.99353059949387,2
7.073005399874692,2
5.64798112231527,2
3.379184934929976,2
4.634799244631131,2
3.5872633839279624,2
3.04835302815336,2
0.0,1
1.4281372856093941,4
17.726623483679234,2
16.729358641704668,2
17.983128223476395,2
15.311756263579351,2
13.548282427015412,2
11.91000082468384,2
11.446310772942637,2
12.27616126360342,2
10.810792434254225,2
8.83840234393759,2
7.614128144314799,2
5.894796168414713,2
5.774618518794088,2
7.6197174722838525,2
2.101487571554725,3
2.75431989299839,5
5.701881863393832,2
1.9832003378536935,4
16.194743265872038,2
16.781025175052022,2
13.071986173348039,2
13.701189503996842,2
14.52377505394342,2
11.741374774451414,2
11.806637776715984,2
8.986854677087157,2
10.161653009665637,2
8.343187270295052,2
6.203062358644725,2
5.576244622383333,2
5.138511117888769,2
4.648903950015795,2
1.5706537673751666,4
16.447726504126926,2
16.57113628326033,2
15.019915282371052,2
15.581895226897394,2
14.27574783410105,2
11.581203205639312,2
12.626964513908865,2
11.236520393775756,2
9.052441975034814,2
8.72925970242126,2
6.031378239512977,2
5.456740441776699,2
3.697710579611493,2
5.861107913403293,2
3.5406859733153815,2
3.2146707094156555,2
1.7459057134438445,4
19.482446424641946,2
17.585622266115188,2
16.732437629676472,2
17.376770053895935,2
13.711592004393985,2
14.340645602042462,2
14.552292137708886,2
12.82980245519228,2
12.49545669446347,2
9.233376263449417,2
7.569029688887904,2
8.714169452408916,2
5.987627721202787,2
6.768109734312447,2
4.0227890730261375,2
4.871352310256271,2
3.0217440388625665,2
1.6114762084569731,4
18.454259456631423,2
16.961687424365024,2
14.743736827656278,2
15.390497386391607,2
11.89261160045777,2
14.791821738166561,2
12.174143256031206,2
11.623674881187455,2
10.359662339740632,2
10.767068838028985,2
7.828793182345975,2
7.180322324805865,2
6.6554036682065085,2
4.214828915314335,2
4.4384075274525365,2
4.437339632341974,2
1.0111629823462676,4
17.560544055003447,2
17.391045712371582,2
15.515673961667378,2
14.820220448981527,2
14.414244355503518,2
11.892887383585483,2
11.362354441778411,2
10.562269643218153,2
7.9287162609643325,2
10.168505444919642,2
7.351822757089372,2
9.332176021141533,2
5.622335504000313,2
6.4488478562664735,2
5.271040987206916,2
3.764874450554211,2
2.4849622546283543,3
2.803412433063988,5
2.3843832019994693,3
1.4949970197334914,4
8.203091173900473,2
1.843767337378153,4
1.8602640057118724,4
5.542186642213827,2
4.849537227599302,2
3.3938362570492417,2
1.5078334118951282,4
6.015418788146567,2
7.121072262345742,2
2.487238638719267,5
3.4522650959526304,2
1.424835353971877,4
4.417886558015452,2
5.9595447442004135,2
0.7528746977999554,1
3.3678107110645987,2
2.2133740405925297,3
3.824536699316,2
3.3220675259779315,2
0.4514771626804668,1
3.932268225733616,2
1.1856120719577992,4
5.539546659239466,2
4.646912156413791,2
4.227375760237384,2
1.698559759179966,4
5.371025890349316,2
3.9390122048123626,2
1.864406878372157,4
5.0103261730661375,2
4.2603770848341735,2
3.592083309341998,2
3.0212908656030364,2
1.5880863132544123,4
7.1945218558717725,2
6.463806924811911,2
4.947981285049304,2
3.823721522122879,2
2.833368505021625,5
11.771033325659255,2
11.090597898700171,2
13.079763076780898,2
10.208734527133343,2
7.663055256549035,2
7.693219637409426,2
8.170468728920103,2
5.945867776070696,2
4.768785914773967,2
3.3073779986180774,2
3.161788306257123,2
2.7586380104117203,3
3.293260193941611,2
1.330330310856303,4
5.688144410021253,2
5.330336076761354,2
2.3140705905472205,5
2.8730753858528604,3
4.137119293803194,2
1.5414595372355255,4
6.4456305773146125,2
4.357224767566572,2
2.748969417173837,5
1.910396143811683,4
17.224013455166336,2
14.672007442320329,2
13.458769453480516,2
12.997630308404775,2
13.120364454315588,2
11.188416700022003,2
10.174716176102141,2
8.157070728208513,2
8.342536429558303,2
6.3075998045272765,2
5.018010047875936,2
5.3088483101777335,2
3.175224353892883,2
2.881331174506572,3
15.533922578799384,2
13.968573213423298,2
15.509916384271786,2
13.232342546613655,2
11.662340925888305,2
10.729150202391144,2
9.462512482953224,2
9.437801006277867,2
8.125551114744473,2
6.365577570237577,2
5.163213161800668,2
3.307778698829388,2
5.5165612744920764,2
3.012747823429205,2
1.5043771779300668,4
15.468893671942928,2
18.12039563779142,2
15.146642238022661,2
14.08268776009108,2
13.357144843832192,2
12.741791816145055,2
9.502058152339384,2
9.626084133779353,2
8.852073395198378,2
9.498650961044486,2
6.518658290044341,2
6.3003469842019815,2
5.123725005078287,2
3.4232087931044615,2
3.5426781984485984,2
1.816073289325694,4
17.810711537033754,2
15.246462927269967,2
13.294109267116655,2
15.048086046841242,2
10.56635474950252,2
12.291057667742916,2
10.845264968403745,2
11.592651903520863,2
9.16888756595814,2
8.077353873448375,2
8.420277741633571,2
5.700882966072099,2
4.960411750759858,2
5.38642850513187,2
3.5720598272569344,2
1.5555362439369853,4
16.372921110741206,2
14.697238475632796,2
14.944865475503773,2
13.297099445458356,2
12.546544242883186,2
12.982298676278047,2
10.70651095468668,2
10.38143438932115,2
10.713722779928869,2
7.99849677012536,2
5.957524653727671,2
6.7594535706005,2
4.968452651658486,2
4.2102456782210576,2
1.5950551148900334,4
15.293790998923075,2
15.962806857994018,2
12.671161377777574,2
11.229789855662755,2
12.898238097258261,2
11.043616829947819,2
9.074410765275193,2
9.825727762067944,2
7.487608321803689,2
8.857764061402303,2
5.657864205837715,2
3.5399265953509778,2
4.930830184093356,2
2.2187616080055825,5
14.612146416899764,2
13.913192733317516,2
13.301145438250511,2
12.53927659491166,2
11.242263091960345,2
9.511055557087868,2
9.382745171481123,2
9.22915700316878,2
7.728819748516187,2
5.355883895806475,2
5.372500721018532,2
4.3023541196897135,2
4.852990907575833,2
1.7277663669026568,4
21.117259952965156,2
21.27796217631064,2
18.41703631968748,2
17.61766149427949,2
16.349592399386054,2
16.494029028428244,2
14.951795816416938,2
14.09028109415174,2
13.487933361490994,2
12.991207645407133,2
12.416514973843801,2
10.648296764357749,2
9.157631047312275,2
6.637861971066776,2
6.278141287545202,2
5.849926754294075,2
4.9431065808968295,2
4.104197485225793,2
2.24078713871415,3
12.187614138862033,2
9.753339740299484,2
9.26848659713752,2
11.587917353775106,2
7.047763753540273,2
8.261265843637554,2
6.472536660270777,2
5.274006710763016,2
3.0600006597274176,2
3.1033147559811223,2
1.899795370883784,4
12.894406842504306,2
10.806908468140476,2
12.47774308064417,2
9.661217066725612,2
9.607665064314883,2
6.298051188397454,2
7.9982901003457645,2
5.804580355353894,2
6.05220178788682,2
1.6087409034785325,4
11.633754294844158,2
11.478480842214479,2
9.54786710279609,2
8.387266510569606,2
7.331287523633184,2
6.06816912468646,2
5.854651555926174,2
3.9390171054607617,2
5.18303507706105,2
2.969517198353085,5
12.31405735062033,2
11.468244258501565,2
13.097545105981725,2
11.871193824838358,2
9.880520559332274,2
8.838213591930115,2
6.403929881992803,2
7.677945604357044,2
6.778519798369701,2
5.553883707087509,2
3.4435873789614897,2
3.3988895349890695,2
3.01545727970421,2
1.398995071907747,4
19.927466170679807,2
18.47146496514677,2
15.968868408453185,2
14.764568561688428,2
14.501235344577461,2
14.5876239698115,2
13.893384175384927,2
11.759886566090858,2
10.855051756876348,2
8.15209704979142,2
9.700183050716513,2
7.480790171888173,2
6.776414832641446,2
6.105315883246711,2
4.0133268671854845,2
3.37768477084628,2
4.15448170781538,2
3.082776046379021,2
0.0,1
1.5431186980405325,4
19.11567814030052,2
16.60401219668272,2
16.181333878613547,2
14.663907080938024,2
13.654306770004178,2
11.907211307924456,2
12.014892949794412,2
8.035166299917135,2
10.503517318479023,2
10.34392198258146,2
8.412774433000969,2
8.126363564761263,2
4.679978720656266,2
3.620377848471904,2
5.400667948157524,2
1.981919187789972,4
17.07386890442283,2
16.50810782660915,2
14.5706600618048,2
14.301104567205991,2
12.898664930749776,2
12.015159014957652,2
9.930130716056695,2
8.913482476263319,2
8.906408801816742,2
7.974328082253938,2
7.928710351208547,2
6.5134591422772425,2
5.445983334445814,2
3.725913160914853,2
2.364924322278476,3
3.840125329693266,2
1.7244292426761394,4
7.782360228472978,2
4.239824676102984,2
4.915411330278089,2
3.653352398069736,2
3.0700968743056105,2
0.4313487006702968,1
6.014715809398961,2
3.0101572290829,2
0.3124418308278445,1
2.3085712958507334,5
14.208028678139774,2
11.90248876111298,2
11.024858303335028,2
7.682196373722796,2
9.676378206063,2
8.342192068826938,2
7.685015956045624,2
6.445383286592682,2
3.9580153503226634,2
2.687912635847284,3
3.2081364075185568,2
1.6380810632492548,4
3.8253273942496415,2
0.8450244812191747,1
3.619548316255005,2
2.7089205485697083,5
17.18163393940793,2
16.0308162484943,2
18.635555933317505,2
14.496704138679045,2
13.396105912376294,2
12.883003947310323,2
12.660154194142507,2
10.848042558243732,2
9.374904248450283,2
9.870362905445287,2
6.938079252882856,2
8.684523008377084,2
5.921881415929577,2
5.729234731449673,2
2.3536987492494346,3
1.8922049021400025,4
1.3368841635367892,4
0.5125653845176668,1
4.4621238212188326,2
1.0934162533728922,4
2.2901422155488493,5
18.547243500088012,2
18.117392264654715,2
15.90926870566043,2
15.562459456386511,2
13.977666043757484,2
12.210046141468252,2
13.210375774702651,2
12.6569722796425,2
9.39015075528739,2
9.670177548035245,2
7.146013881499362,2
6.758916934892732,2
7.281804581798934,2
5.927609456614117,2
5.59202483296207,2
2.71225153219117,3
1.2259867349077034,4
7.750896707171971,2
4.009404611502082,2
2.924956643259708,5
1.8614232012709904,4
3.1988735323660973,2
2.3349791622925244,3
4.371211729137227,2
3.10852628051918,2
2.5551261561080043,5
1.9694317225331857,4
19.28962406650801,2
20.1591868747938,2
15.733064423859318,2
16.91360155817503,2
16.445011967042607,2
15.405331368911614,2
13.392022182004334,2
13.725617766569881,2
12.515181770116069,2
9.367675315770068,2
9.174731509439189,2
7.896098736744621,2
8.648423457239039,2
8.405818538850857,2
7.397418173469485,2
5.3360154186376665,2
3.552813579252508,2
2.929927278312896,3
4.463807001341106,2
4.320072777018473,2
3.5441971851831395,2
2.7351265997202496,5
11.211324591313863,2
9.424167932916633,2
7.31009820937849,2
5.471372572298156,2
7.270650332754537,2
7.184187138161581,2
4.291651125774206,2
4.1379232571250775,2
0.7621066500385278,1
3.180264501193285,2
1.2307657687226676,4
8.323138642155133,2
7.615249555448724,2
6.6191328294788585,2
6.405522863007692,2
5.996486017461983,2
2.9340162630916824,3
3.2391635355077546,2
2.5702292973741896,5
5.9062778150206725,2
2.113438152198104,3
3.7591608806465184,2
3.3764317804652713,2
1.9947672404607089,4
5.001671107206407,2
2.7883858119773395,5
13.462915548816378,2
10.986777912327618,2
10.721371152695623,2
11.127764537147105,2
10.649261636822075,2
8.044153949386057,2
7.663264390250763,2
6.7386325822184165,2
6.164050551153963,2
5.669597614553107,2
3.938170230996688,2
2.65014664019348,3
13.57455083077609,2
11.214614209519372,2
12.135813797793178,2
11.93527060610528,2
6.878672134512072,2
9.523771015704028,2
6.193319783903469,2
4.976713468138975,2
3.771665896594622,2
4.947056005936117,2
4.411804286088445,2
2.2705476641733187,5
1.1963129302054636,4
4.747250895275781,2
4.4649776020345024,2
1.4579245019660976,4
1.6556927554800238,4
3.31277452555386,2
1.4571718845668695,4
4.682900178800455,2
3.3422098256242205,2
1.9280494116045448,4
4.949063088897772,2
3.0359608991493654,2
1.9048687221394007,4
5.032224860956527,2
2.8532103553421604,3
4.0313365135845425,2
2.1621886534034878,5
2.9329762214858515,3
0.13713434272896852,1
0.7821442489707029,1
2.6336500626133392,5
2.676733164434721,3
3.27107271791068,2
2.2675438786213147,5
3.1937084732991403,2
1.2885848537765543,4
5.309609804260443,2
3.536992751909842,2
3.744050215629674,2
1.4949788275543192,4
4.0751912296977855,2
1.7948427932044129,4
0.6881048014891924,1
3.199507390060777,2
2.118911336829364,3
10.516764450423091,2
7.1345536853778295,2
7.832889186487149,2
7.281479501014541,2
4.894941814763331,2
4.508286002836555,2
2.9636836511307383,5
3.312894613442705,2
1.7997430494576585,4
3.855776755893813,2
1.900336069343609,4
2.1310706951166267,3
1.7509596777750045,4
8.530923900832061,2
7.9844103857912145,2
8.235127683109978,2
6.24817418692772,2
3.5043252514436696,2
5.343667038747316,2
3.4080493560591667,2
1.2441853272939458,4
10.199249191983236,2
7.6321078807016995,2
8.161766688813342,2
7.6488642920477785,2
7.290028027260601,2
3.7152645897067895,2
2.8039085590460635,5
2.093080149738898,3
4.5635310803266655,2
3.6762172089948986,2
1.8419978419974543,4
9.203857614982992,2
9.321907386262836,2
8.067030689068106,2
7.186116348650738,2
6.7986358671626155,2
4.196882884051254,2
3.243182627084865,2
2.6441915235268896,5
4.8650638137052375,2
3.6491275081937458,2
1.4563492809195613,4
3.7559560333391455,2
4.204912448227652,2
2.9796698089722438,3
9.709971736149367,2
8.91071258167459,2
6.76982418211079,2
5.973060862334505,2
3.9394814013823836,2
3.3839533782622766,2
4.05078259523621,2
1.829627827700599,4
9.671882374074238,2
10.106580081289184,2
6.4496819415205895,2
5.8692281067886745,2
5.261288953876788,2
6.91531642899059,2
5.286416829026223,2
2.947986317433569,5
5.680490199190537,2
1.5103969309802452,4
4.155699076148355,2
3.2040207841223203,2
0.0,1
1.0285573660247618,4
4.306766706347856,2
2.174996331727251,3
3.4225772476316925,2
0.4901779961111751,1
3.7942556184623135,2
1.199823013896596,4
3.649473917989461,2
3.286018771307618,2
3.991634165170783,2
2.745855490385376,5
12.508366631952944,2
9.040070829830485,2
9.363505738663964,2
8.428152153160479,2
7.7828097287436995,2
6.0227297128775295,2
4.261845310238353,2
4.419039223782974,2
3.356359507784964,2
0.9855996661366924,1
1.0909150755002122,4
13.06018684271021,2
9.185332600502576,2
8.211059701265718,2
6.101283042510518,2
8.033969839370915,2
5.789676707892874,2
5.267124188853146,2
3.921781830556836,2
2.751682940187066,3
3.9012991816408067,2
3.8241030225641155,2
2.939720391547778,5
1.0058531144250222,4
1.7609278786048903,4
1.9377981237973192,4
2.492961323214661,3
4.462244155820882,2
4.466208401327929,2
0.97505002797995,1
5.367127088458613,2
3.3332604295068404,2
4.027906036467492,2
0.9094697356348708,1
1.2840967732467372,4
4.931859133499857,2
3.753860575162848,2
5.438918127884923,2
2.350200959883793,5
1.7695926292205362,4
1.3188282206831163,4
3.6179824013562873,2
1.9261521389985,4
5.102081850917019,2
4.2862971201159095,2
1.9838168709395152,4
3.8422435315868815,2
2.6208924338191366,3
2.685101768217818,5
2.1008997846983046,3
1.6901359933888944,4
5.973503985813942,2
4.503652847178657,2
4.290692716326641,2
3.1008838582057003,2
0.0,1
2.684590379901994,5
11.02314255271976,2
10.772033956829642,2
9.902212138040689,2
9.189737387329789,2
6.389909031719415,2
7.194747711137621,2
3.5435339964100763,2
3.480873521532564,2
3.700994948910688,2
1.5562037374624311,4
16.976322604836394,2
12.616549437763245,2
14.611701011602086,2
14.851804385938307,2
11.327583516571991,2
10.54677968495233,2
8.911201614493613,2
10.863056098115592,2
8.584825221493219,2
8.379204392715199,2
5.410065921815435,2
5.59006220682812,2
4.470953734060791,2
2.8176300950611157,3
15.05799907261252,2
14.584878993565884,2
12.183157266425296,2
12.33085197679941,2
9.211367390080367,2
8.207572313598646,2
7.120511523482947,2
7.3248711631897185,2
6.243499762599868,2
4.969725225524439,2
2.9283549561732833,5
3.1763894210169763,2
2.9899371623087587,3
14.043622556883275,2
12.616840255984464,2
10.951744871779137,2
9.7474319202105,2
7.504615154119,2
7.4465822883532695,2
7.157016284077643,2
4.902516290314521,2
4.994563791537123,2
5.425170200070523,2
4.569075710250244,2
1.6540022853484195,4
13.66911294260556,2
11.529916630969868,2
12.419051315608973,2
9.657764878085123,2
10.326729029460118,2
10.240847680067136,2
7.062537544822017,2
4.205194318931711,2
6.027903728461362,2
3.3604941585738146,2
3.0583182074621083,2
0.937837312972249,1
1.7097691596841718,4
11.770499774132675,2
11.941564710975964,2
10.918752723771934,2
9.199438106144925,2
7.2048693792732355,2
5.864356438080955,2
5.823806696259657,2
4.2176281444483354,2
3.68606922529306,2
2.3432484579569084,5
2.6340360099536726,3
2.3244810470721253,5
0.017881268450180562,1
3.6804632736963123,2
1.535085903281412,4
5.59046266584991,2
3.755499612092836,2
4.061176112240118,2
2.2108933682850385,3
4.698880646603744,2
5.941117772768368,2
4.8865905496917525,2
2.0904021257212237,5
0.606636795125026,1
2.489498021145687,3
2.913052310686091,5
1.5372897070383875,4
5.383277673531474,2
2.5944042789599195,3
7.393471477969119,2
6.859618422719692,2
6.708618404193888,2
6.106635500169007,2
5.974100834009161,2
3.2403685675674136,2
3.424851707248912,2
2.7332476661868115,5
3.0107802450617003,2
0.6958008769006336,1
1.942733861485912,4
1.2835705390673575,4
1.375824438364037,4
2.6019060787317607,3
10.029684071703034,2
7.50752513048424,2
8.881880892667176,2
5.549134829239344,2
4.686366008472437,2
3.3732645453797643,2
3.083040498165344,2
1.7518690146246074,4
7.53688862991215,2
9.26007109858629,2
7.634370007637575,2
5.181957850742272,2
4.346058809539796,2
2.9048365601579187,5
2.7077106084676132,3
3.5330494414112192,2
3.499715110834175,2
0.0,1
1.7342520230212564,4
9.742812362896077,2
8.828824748615428,2
5.258900202716942,2
4.8767080032320855,2
3.800084868426647,2
4.5402988513905616,2
4.0847964839186535,2
1.5061974410551997,4
9.717169430103096,2
9.090451013063738,2
9.011749614531668,2
5.709326533388536,2
5.17147331501051,2
4.281915392700326,2
1.9360511488976777,4
9.557702001085737,2
8.453766796696316,2
6.844563361213501,2
3.7863957496120846,2
6.013616537998859,2
3.0084701777367795,2
2.7236455837114573,5
2.678936136478243,3
4.4173957074995815,2
2.203427006185517,5
4.730758403271127,2
1.3380766916886646,4
3.74729453163873,2
2.388893350219563,3
12.98374727594092,2
12.23515610538904,2
8.445980422823991,2
9.119580657214499,2
5.563777211866206,2
6.751189738033454,2
4.096819790448922,2
3.123436156355973,2
3.2647916054197825,2
4.4355341362312135,2
0.936811003342198,1
2.4338845637155613,5
3.683718514642546,2
0.0,1
0.8083443947486337,1
2.6710352616375737,3
1.2306696871841079,4
9.200429180777144,2
10.424507506559312,2
6.400799365894509,2
8.338844631418375,2
6.111301793353242,2
5.952100384040701,2
3.110926356904182,2
2.4771839707352643,5
1.619485642148451,4
1.726464980714509,4
2.2169228028479204,3
2.549809421862518,5
2.7588164999886877,3
3.3173499255868455,2
1.5735545115360008,4
10.386591150943076,2
8.9426805875458,2
7.036512279919312,2
6.450561583574093,2
6.083146352521341,2
5.478669827590679,2
5.3878066561792775,2
3.0848549061402117,2
0.7207068559062602,1
2.232188750268697,5
0.2413682092109721,1
3.095858141243958,2
0.0,1
1.5566800622993615,4
0.9556677855381848,1
2.6964482323560803,3
9.06778651827396,2
7.32480598698025,2
6.656231193393768,2
5.704269903476912,2
3.6005080502479823,2
4.520512664368014,2
4.0735508285538575,2
2.2025353993448293,5
1.2027101850639552,4
3.0442083557085846,2
1.9758847642622517,4
4.843472422616733,2
2.533281541491644,3
2.9121799064735567,5
3.4174778838131634,2
1.6794605973728478,4
4.937292501916048,2
4.046215640081512,2
1.2622129440840433,4
2.905724366662067,3
7.61478153336642,2
6.476803023320483,2
5.770089292382478,2
6.093810251683905,2
4.475025026166275,2
1.5405505397697898,4
11.710202987904987,2
10.095906990338278,2
9.604633673937947,2
9.380145905884511,2
7.217759122671801,2
7.271112000669914,2
6.188062868378326,2
5.478199383067566,2
2.8725318067109606,5
1.6259112801356626,4
5.447510371646137,2
2.9524451881171254,3
3.584675365459041,2
3.187607240455044,2
2.0493318103627667,5
4.389550336799045,2
2.62630645868495,3
2.8538070591089553,5
0.8960080720716292,1
2.8350161333216817,3
2.2207240215398465,5
4.744829889507878,2
2.2666634080022017,3
3.909709165709135,2
1.9425028897579963,4
6.027341014327227,2
4.561511809504655,2
4.533604509962396,2
3.61798917144282,2
4.5516369033523825,2
2.5983187561873318,5
2.0068167711880216,3
3.1710415219095047,2
2.767600718103836,5
3.7136276095725833,2
2.802032740538851,3
4.369579835292095,2
1.9743365359363456,4
9.63614172719814,2
7.237664019165367,2
5.69703442228376,2
7.827131749946008,2
4.8478719978260685,2
3.984987164154368,2
2.3437104302804674,5
2.62447473264067,3
2.326210162909893,5
3.115113196914426,2
2.1397562473050096,3
1.354500891328291,4
5.979663244829989,2
3.314803368752976,2
3.8886271536291193,2
2.369945693046719,5
4.2342327789787415,2
4.2031695860216365,2
3.706078992541544,2
0.8587007636868933,1
2.3016526521860943,3
2.9969566076042087,5
4.246999654470499,2
2.1313239832295574,3
3.903891260271583,2
2.951160957080296,5
0.0,1
3.8925217056993664,2
0.5038862630659053,1
2.509100423966764,3
1.5470372765687253,4
14.504475804966185,2
10.195167384633798,2
9.337405554512973,2
11.558158137199115,2
7.800649884283405,2
6.917776880460724,2
5.400100813975404,2
6.15260386007005,2
4.1231848148217365,2
3.447410031063097,2
3.6878212316399934,2
1.652541758024416,4
12.615440802476787,2
12.982744313763385,2
10.870516070054565,2
9.843018104322097,2
8.219100723912762,2
8.150933624967642,2
9.471434902969552,2
3.7221042401552302,2
4.234366327721543,2
4.240611779863364,2
3.0359803383588577,2
0.7109378275678255,1
2.744413923626392,5
2.9354071934183597,3
3.2594958124566507,2
1.1912439506646586,4
13.517432172369551,2
12.093305585828874,2
9.405441276824103,2
9.908839874271855,2
9.829616643161312,2
7.929008913923052,2
6.630820645494925,2
6.662884835869448,2
5.5831807422702076,2
4.205433205420866,2
3.3942337468914374,2
1.927697250734121,4
12.745099913128984,2
12.479526994034483,2
10.165268245719673,2
8.766398642672524,2
9.30030800257856,2
8.173132945117251,2
6.655516835102648,2
5.100585505602316,2
5.174638675884333,2
4.590218380039382,2
3.393496409503334,2
1.2903378863721888,4
13.948642060287993,2
11.218439496638396,2
9.896366885037606,2
10.659589297336757,2
9.381975054165519,2
8.907834632499675,2
8.785791613341047,2
6.752705268082289,2
5.181270505018838,2
4.373043510080719,2
4.153867467619581,2
1.6248457372887812,4
12.44540068374469,2
9.908556003109496,2
11.962283480388415,2
9.995064952274152,2
10.640901197945146,2
8.382964124534713,2
7.4578996003608635,2
6.077254345437758,2
4.088601519051585,2
4.315441138714493,2
1.9571072329709505,4
11.542846946143026,2
11.934070313696996,2
11.24267403703286,2
9.615117900569883,2
8.948643541655793,2
9.587874202255318,2
5.266446739218988,2
5.669712382332272,2
3.8981696277084827,2
4.190078212563792,2
2.351386165768628,5
3.5458006426752706,2
2.450577338860437,3
19.21333058286956,2
16.601668746099204,2
17.0209703395605,2
14.904119922390931,2
15.117215749356642,2
13.445068646015534,2
13.647388214200346,2
10.98681757592134,2
11.820006146550465,2
9.966851545820587,2
10.852569919149834,2
9.181247433466417,2
6.820568006244438,2
6.843121875711361,2
4.1224024485560635,2
4.5517360867754455,2
4.110497527524407,2
3.3844358208337946,2
0.9792763719041904,1
2.2580651183192453,5
17.12191951406124,2
14.888846496485426,2
13.55751937798928,2
11.939323489527087,2
13.085073187267795,2
10.72935171411315,2
11.294359995726051,2
8.961576943823555,2
7.097997734491222,2
7.769345494763493,2
6.606800303046371,2
5.851065011749456,2
4.894901757452189,2
3.6369516209037713,2
2.496292301492641,3
4.419667543369323,2
3.905493663485218,2
0.3521299727869447,1
4.5464386256706115,2
3.0755319068891307,2
0.7805715664861909,1
0.3732187641369187,1
2.279398237731092,5
0.6811858782902942,1
3.2853285571971296,2
1.8043307021586192,4
14.725811250789876,2
13.012620393958453,2
12.43961863554325,2
11.311568276988867,2
10.31313326844271,2
9.419792693092598,2
9.1697913532869,2
6.2120653992416655,2
6.841524176818157,2
6.091001070750632,2
6.171240630240905,2
3.7347619157897314,2
2.9289155973857293,3
14.072748047711553,2
14.01751632482328,2
10.155779397142176,2
9.348319017327869,2
9.458130406829936,2
9.200397505805991,2
6.537794864026001,2
6.8583009146100755,2
4.48734490332991,2
5.2601716686021724,2
2.74979475883416,5
0.6314667204990143,1
1.9422279874195347,4
8.19327389552988,2
6.722519179628018,2
4.745274921394096,2
2.363866834992571,3
7.913512358002349,2
4.2394260711312475,2
4.014567445439441,2
3.0687843407884783,2
1.3483212103944155,4
10.403005476588527,2
8.987952114971383,2
5.603960233812146,2
5.770538422756988,2
6.6397708342097,2
2.841665114116166,5
4.22464714101353,2
4.38010249341567,2
2.4328136707447285,3
0.2606628791457635,1
1.238480033078284,4
5.007393413522633,2
3.138805083776328,2
0.4505288518159001,1
1.9903089853689904,4
4.115148420382555,2
3.9168251388023263,2
0.0,1
2.1011034559518555,5
3.6939642539422928,2
2.5591044426658045,3
2.4344626503094533,5
3.2140823789209225,2
0.4074253125226072,1
1.8129389443822097,4
8.486180667597408,2
6.811318787367363,2
5.957331233533446,2
3.8922362620368256,2
3.839051867973237,2
2.1040955106381505,3
1.5211005467100456,4
0.08940804409845737,1
2.185182661430241,5
5.454923428374382,2
6.411032520575705,2
4.935981465316925,2
4.130447809833534,2
4.43964509321713,2
3.3257359904258825,2
2.4409063800549267,3
3.8340669235624825,2
2.210848175742787,5
1.3463369221292858,4
7.0817870753698395,2
8.24699436844644,2
5.792392820873012,2
3.434797989531799,2
5.007224008767611,2
4.343789862743593,2
2.4529687949966057,3
2.682716850483156,5
0.8715069539449702,1
2.5864894304743284,3
4.332565061529212,2
2.2622203911297363,5
8.14646441282353,2
6.8388426791013615,2
6.528849425474883,2
3.927386133047565,2
5.1837227786069455,2
1.8766994748805819,4
9.905812673085707,2
10.953245241558424,2
7.3845200610158654,2
7.756610748755205,2
8.968911296685189,2
4.24737484360657,2
4.1413442908081,2
2.8868079338685786,3
6.299691050225813,2
4.346969403401596,2
3.2797252385157165,2
0.7982586455378429,1
2.5401173354472206,5
5.188359850069063,2
3.173171459786081,2
1.749019786981478,4
3.26941415387534,2
4.273787932956116,2
3.1361228543219672,2
0.056563403012728775,1
1.7693197999277197,4
4.401267519373528,2
4.699143443918311,2
3.1780096808604164,2
2.4041329820653834,3
1.8727223397354025,4
13.536549291345553,2
11.754606836530288,2
11.465921312632675,2
10.105340268832476,2
9.245257969961502,2
9.710655270142976,2
6.846293529089763,2
7.1859893573781815,2
8.104579070302318,2
5.213566323056312,2
4.517171071473316,2
5.06226307679143,2
1.2351742037978886,4
13.253089549935154,2
11.753788807573411,2
11.325906352305395,2
10.64845124163218,2
9.013283251665317,2
9.005599596842465,2
9.727019842201127,2
7.579112880763072,2
5.149074629236021,2
3.0176272506610733,2
3.0596992831971077,2
2.281560535117676,5
0.5975312310327456,1
0.564366951756214,1
3.1100430784268807,2
1.0338925680114792,4
7.836643518630715,2
6.033918135730093,2
5.718553695484928,2
3.5452768775822863,2
2.3937445256819494,3
6.410215724186116,2
4.541089574285596,2
3.2770416605736896,2
2.564479247705128,5
0.7166544383740932,1
1.4369088007079145,4
8.706502408751735,2
8.063867317134529,2
6.629682476405888,2
6.583001967631048,2
4.370966170016547,2
5.850760810386302,2
4.2115369684881685,2
0.0,1
2.951622227963772,3
14.391503595434553,2
14.782743819621622,2
12.077130514309466,2
11.371486751465163,2
10.034519653145079,2
10.01563880555442,2
8.851113660766313,2
8.801333432117099,2
6.682997916299863,2
4.474644357489384,2
5.8975634597729325,2
6.457844742008058,2
1.2498264025291108,4
18.101005317730483,2
19.733413402591353,2
18.379861656116304,2
16.362239126976295,2
15.99676297264048,2
13.818605646734994,2
14.863136200540145,2
12.228276213180921,2
12.757082925748694,2
11.551183036214836,2
10.106040225396336,2
8.042156035298536,2
9.012638232392172,2
6.6255059975666155,2
6.911757255277302,2
5.606725828682702,2
3.7637127793770766,2
2.282563836655976,5
3.2796484808970208,2
3.833432031747353,2
1.3555993180979788,4
7.607398989255907,2
4.379729469042694,2
0.2403463974935991,1
2.8621296674954424,3
5.950396067184433,2
4.5703193784132345,2
4.713852831743232,2
3.3008727683806174,2
2.7569178989946472,5
2.7856625946870324,3
2.8997337482947816,5
2.8766070238024453,3
2.874469911451905,5
5.1122350781041765,2
2.6904722825725873,3
15.622554952459481,2
15.445484798199706,2
13.732838833734384,2
12.691874921034449,2
11.782920571596891,2
9.271156582829489,2
9.697955939940561,2
8.8093865245793,2
8.633018549415356,2
6.883692595195874,2
5.2147114979576275,2
5.944637497475172,2
3.5826183257357127,2
3.779719200435464,2
2.4492633694841506,5
0.7332673929506739,1
5.228489805076023,2
3.299087636165964,2
1.5006424950144437,4
3.7906995758462663,2
4.018165541081529,2
0.8367218268256089,1
2.8395728219480847,3
20.96457195955044,2
20.643432291648057,2
19.716335302113425,2
15.847811676249785,2
16.483830887226652,2
13.195936219505706,2
17.202363320636028,2
14.6310256413751,2
13.35576461347731,2
12.671107578824213,2
10.528337702255834,2
9.708568402066316,2
9.48482975106627,2
6.589671734595008,2
6.446945544054402,2
6.96974881246955,2
3.2259132060684035,2
5.719766149693488,2
2.705111390901197,5
4.619295676639199,2
3.401264113105721,2
1.5340572721433832,4
4.597497717796249,2
4.627046404336308,2
2.4018636676921132,3
20.413046975464532,2
19.773238159462448,2
18.090775077412,2
17.326935054866563,2
16.77094049647689,2
13.595903455487239,2
12.426389258209506,2
11.616382652121535,2
14.257661974697529,2
10.607864251888051,2
10.363964354451976,2
9.217671632845569,2
6.698806489382777,2
5.80666135647327,2
5.557364759321605,2
5.637020240341355,2
3.7571737975695902,2
3.714957734892901,2
0.8001323601685963,1
2.5889773076592215,5
3.9495590804651473,2
0.9937804701497596,1
3.645520142857922,2
2.954506077028189,3
12.282574754344845,2
11.287387744306274,2
9.479634990471279,2
8.56568740865021,2
8.159215140449524,2
5.585700090492397,2
6.844646294285889,2
5.091697271108103,2
4.458672046140365,2
2.1932529772235494,5
2.4331171058613057,3
2.6757285270840865,5
1.2771686619134153,4
4.891993546795589,2
3.187062889834872,2
3.0883264550639664,2
1.6238197106600425,4
3.4371034589173317,2
4.900064955791958,2
2.6643415528523566,3
5.31551437430275,2
4.166497389244658,2
4.855030438755755,2
2.740473988677909,5
0.0,1
2.990474812091601,3
1.466046628968653,4
8.350458706548219,2
9.045051670892194,2
5.286811067540878,2
5.177079954255797,2
5.9136778480269205,2
3.4770800825696746,2
4.2920836509547815,2
2.044901307937609,5
3.3595748305614475,2
0.7834622398438116,1
3.2044646406851514,2
2.355518436775733,3
2.432017685805452,5
1.1184683028492817,4
4.5852708407792475,2
2.2764664950561238,3
11.889375527263233,2
7.685689005001486,2
9.604597753208377,2
7.841175666451199,2
4.61602321381304,2
5.50141928500844,2
4.374759675699042,2
1.555219063408049,4
10.226062458319603,2
6.795272832544707,2
5.813646048756318,2
6.8574637894567525,2
7.089342171410626,2
6.191160416173469,2
3.6236766978463466,2
0.9597214332063873,1
3.5003476798937214,2
1.7651967054559978,4
7.36588304350218,2
